100,1609151255710
2.4948025,1609151255811
0.20703934,1609151255912
0.20661156,1609151256012
0.20703934,1609151256113
0.2074689,1609151256214
0.20703934,1609151256314
0.20661156,1609151256415
0.2074689,1609151256516
0.20661156,1609151256617
0.6198347,1609151256717
0.62240666,1609151256818
0.20661156,1609151256918
0.20703934,1609151257019
0.20703934,1609151257120
0.20703934,1609151257221
0.20703934,1609151257321
0.20703934,1609151257422
0.20661156,1609151257523
0.41322312,1609151257623
0.2074689,1609151257724
0.2074689,1609151257825
0.20661156,1609151257925
0.20703934,1609151258026
0.20703934,1609151258127
0.20661156,1609151258227
0.20703934,1609151258328
0.20703934,1609151258429
0.20661156,1609151258530
0.2074689,1609151258630
0.18975332,1609151258740
0.20703934,1609151258841
0.20703934,1609151258941
0.2074689,1609151259042
0.20661156,1609151259143
0.41237116,1609151259243
0.20703934,1609151259344
0.2074689,1609151259445
0.20661156,1609151259545
0.20703934,1609151259646
0.20703934,1609151259747
0.20661156,1609151259848
0.20703934,1609151259948
0.20703934,1609151260049
0.2074689,1609151260150
0.20661156,1609151260250
0.2074689,1609151260351
0.20661156,1609151260452
0.2074689,1609151260552
0.20703934,1609151260653
0.20661156,1609151260754
0.20703934,1609151260854
0.20703934,1609151260955
0.2074689,1609151261056
0.20703934,1609151261156
0.20661156,1609151261257
0.2074689,1609151261358
0.20661156,1609151261458
0.20661156,1609151261559
0.2074689,1609151261660
0.20661156,1609151261761
0.2074689,1609151261861
0.20618558,1609151261962
0.20703934,1609151262063
0.20703934,1609151262164
0.2074689,1609151262264
0.41322312,1609151262365
0.20703934,1609151262465
0.20703934,1609151262566
0.6198347,1609151262666
0.20790021,1609151262767
0.20703934,1609151262868
0.20661156,1609151262968
0.2074689,1609151263069
0.20703934,1609151263169
0.2074689,1609151263270
0.20703934,1609151263371
0.20703934,1609151263471
0.2074689,1609151263572
0.20703934,1609151263672
0.2074689,1609151263773
0.20703934,1609151263874
0.20703934,1609151263974
0.20661156,1609151264075
0.2074689,1609151264176
0.2074689,1609151264276
0.20661156,1609151264377
0.20703934,1609151264477
0.2074689,1609151264578
0.20661156,1609151264679
0.41322312,1609151264779
0.2074689,1609151264880
0.20661156,1609151264981
0.2074689,1609151265081
0.2074689,1609151265182
0.20661156,1609151265282
0.2074689,1609151265383
0.20618558,1609151265484
0.20661156,1609151265585
0.41407868,1609151265685
0.20790021,1609151265786
0.20661156,1609151265887
0.20703934,1609151265987
0.2074689,1609151266088
0.20661156,1609151266188
0.20703934,1609151266289
0.20703934,1609151266390
0.20703934,1609151266491
0.20661156,1609151266591
0.2074689,1609151266692
0.2074689,1609151266793
0.41237116,1609151266893
0.2074689,1609151266994
0.2074689,1609151267094
0.20661156,1609151267195
0.20703934,1609151267296
0.20703934,1609151267397
0.41237116,1609151267497
0.20703934,1609151267598
0.2074689,1609151267699
0.20661156,1609151267800
0.20703934,1609151267900
0.41237116,1609151268001
0.2074689,1609151268102
0.20703934,1609151268202
0.2074689,1609151268303
0.20661156,1609151268403
0.2074689,1609151268504
0.20661156,1609151268605
0.2074689,1609151268705
0.82644624,1609151268806
0.2074689,1609151268907
0.20703934,1609151269007
0.20661156,1609151269108
0.20703934,1609151269209
0.20703934,1609151269309
0.2074689,1609151269410
0.2074689,1609151269511
0.41237116,1609151269611
0.2074689,1609151269712
0.20703934,1609151269812
0.20703934,1609151269913
0.20661156,1609151270014
0.20703934,1609151270114
0.2074689,1609151270215
0.2074689,1609151270316
0.20703934,1609151270416
0.20703934,1609151270517
0.20661156,1609151270618
0.2074689,1609151270718
0.2074689,1609151270819
0.2074689,1609151270919
0.41407868,1609151271020
0.20790021,1609151271121
0.20618558,1609151271221
0.20661156,1609151271322
0.2074689,1609151271423
0.20661156,1609151271523
0.20703934,1609151271624
0.41407868,1609151271725
0.20703934,1609151271825
0.20703934,1609151271926
0.20661156,1609151272027
0.2074689,1609151272127
0.2074689,1609151272228
0.20703934,1609151272329
0.20703934,1609151272429
0.2074689,1609151272530
0.41407868,1609151272630
0.41237116,1609151272731
0.20790021,1609151272832
0.41322312,1609151272932
0.2074689,1609151273033
0.2074689,1609151273133
0.20703934,1609151273234
0.621118,1609151273334
0.20703934,1609151273435
0.20703934,1609151273536
0.20703934,1609151273637
0.20661156,1609151273737
0.20703934,1609151273838
0.2074689,1609151273939
0.20703934,1609151274039
0.20703934,1609151274140
0.20703934,1609151274240
0.2074689,1609151274341
0.20661156,1609151274442
0.20661156,1609151274542
0.2074689,1609151274643
0.41322312,1609151274744
0.20703934,1609151274844
0.2074689,1609151274945
0.2074689,1609151275045
0.20661156,1609151275146
0.20703934,1609151275247
0.20703934,1609151275348
0.20661156,1609151275448
0.2074689,1609151275549
0.20703934,1609151275650
0.2074689,1609151275750
0.20661156,1609151275851
0.2074689,1609151275952
0.20703934,1609151276052
0.20703934,1609151276153
0.20703934,1609151276253
0.20703934,1609151276354
0.2074689,1609151276455
0.2074689,1609151276555
0.20703934,1609151276656
0.4149378,1609151276756
0.20661156,1609151276857
0.20703934,1609151276958
0.20703934,1609151277058
0.20790021,1609151277159
0.20661156,1609151277260
0.2074689,1609151277360
0.20703934,1609151277461
0.41322312,1609151277562
0.2074689,1609151277662
0.2074689,1609151277763
0.2074689,1609151277863
0.41237116,1609151277964
0.2074689,1609151278065
0.20703934,1609151278165
0.20703934,1609151278266
0.20703934,1609151278366
0.20703934,1609151278467
0.20703934,1609151278568
0.41407868,1609151278668
0.2074689,1609151278769
0.2074689,1609151278870
0.20661156,1609151278970
0.20703934,1609151279071
0.41407868,1609151279171
1.6666667,1609151279272
0.20661156,1609151279373
0.20703934,1609151279474
0.20703934,1609151279574
1.2371134,1609151279675
0.20661156,1609151279776
0.2074689,1609151279876
0.20661156,1609151279977
13.900415,1609151280078
9.221312,1609151280180
1.6528925,1609151280281
0.41407868,1609151280381
0.2074689,1609151280482
0.41407868,1609151280582
0.2074689,1609151280683
0.2074689,1609151280783
0.2074689,1609151280884
0.20661156,1609151280985
0.20703934,1609151281085
0.62240666,1609151281186
0.2074689,1609151281286
0.41237116,1609151281387
0.2074689,1609151281488
0.20703934,1609151281588
0.41407868,1609151281689
0.20703934,1609151281790
0.20703934,1609151281891
0.2074689,1609151281991
0.20703934,1609151282092
1.0373445,1609151282192
5.4166665,1609151282293
5.8212056,1609151282393
5.60166,1609151282494
5.8091288,1609151282594
3.1120331,1609151282695
0.2074689,1609151282795
0.2074689,1609151282896
0.20703934,1609151282997
0.20703934,1609151283097
0.2074689,1609151283198
0.20703934,1609151283299
0.20661156,1609151283399
0.2074689,1609151283500
0.20703934,1609151283600
0.621118,1609151283701
0.20703934,1609151283802
0.2074689,1609151283902
0.20703934,1609151284003
0.20661156,1609151284104
0.20661156,1609151284204
0.20790021,1609151284305
0.20703934,1609151284406
0.20703934,1609151284506
0.41407868,1609151284607
3.7267082,1609151284708
5.394191,1609151284808
5.4166665,1609151284909
6.0165977,1609151285009
5.6133056,1609151285110
5.636743,1609151285210
5.8333335,1609151285311
5.4279747,1609151285411
5.8091288,1609151285512
5.2301254,1609151285612
5.8091288,1609151285713
1.871102,1609151285813
0.41407868,1609151285914
0.2074689,1609151286014
0.20703934,1609151286115
0.2074689,1609151286216
0.41407868,1609151286316
0.20790021,1609151286417
0.41322312,1609151286517
0.20703934,1609151286618
0.41407868,1609151286719
0.4149378,1609151286819
0.20661156,1609151286920
0.20703934,1609151287021
0.2074689,1609151287121
0.20703934,1609151287222
0.2074689,1609151287322
0.20703934,1609151287423
0.2074689,1609151287523
0.20703934,1609151287624
0.2074689,1609151287724
3.305785,1609151287825
0.20790021,1609151287925
0.20703934,1609151288026
0.20661156,1609151288127
0.2074689,1609151288227
0.2074689,1609151288328
0.2074689,1609151288428
0.20703934,1609151288529
0.20661156,1609151288630
0.2074689,1609151288730
0.8298756,1609151288830
0.20703934,1609151288931
0.20790021,1609151289031
0.20703934,1609151289132
0.2074689,1609151289233
0.20703934,1609151289333
0.20703934,1609151289434
0.20703934,1609151289535
0.41407868,1609151289635
0.20790021,1609151289736
1.8633541,1609151289837
5,1609151289937
5.8212056,1609151290037
5.4166665,1609151290138
5.625,1609151290238
6.2240663,1609151290339
5.6133056,1609151290439
4.5738044,1609151290539
3.7500002,1609151290640
3.757829,1609151290740
5.6133056,1609151290841
5.8091288,1609151290941
5.219207,1609151291042
5.636743,1609151291142
5.8212056,1609151291242
5.4279747,1609151291343
5.4166665,1609151291443
5.4054055,1609151291544
5.625,1609151291645
5.785124,1609151291746
5.625,1609151291846
5.9917355,1609151291947
5.208333,1609151292048
6.029106,1609151292148
5.208333,1609151292249
5.8091288,1609151292350
5.394191,1609151292451
5.9917355,1609151292551
5.4279747,1609151292652
5.7971015,1609151292753
5.394191,1609151292853
5.4279747,1609151292954
5.60166,1609151293055
5.4054055,1609151293155
5.4166665,1609151293255
5.8455114,1609151293356
5.625,1609151293456
5.8212056,1609151293557
5.636743,1609151293657
5.4166665,1609151293758
5.7971015,1609151293859
5.8091288,1609151293959
5.4279747,1609151294060
4.375,1609151294160
4.9792533,1609151294261
2.2869022,1609151294361
3.5343037,1609151294462
1.0416667,1609151294563
3.7190084,1609151294663
3.131524,1609151294764
5.4054055,1609151294865
1.871102,1609151294965
3.9419088,1609151295066
4.5738044,1609151295166
3.9501042,1609151295267
2.074689,1609151295368
2.079002,1609151295469
4.347826,1609151295569
4.158004,1609151295670
5,1609151295770
5.6133056,1609151295871
5.6133056,1609151295972
5.8091288,1609151296072
5.6133056,1609151296173
6.029106,1609151296273
5.6485357,1609151296374
2.2821577,1609151296475
1.242236,1609151296575
8.298756,1609151296676
14.315353,1609151296776
23.29897,1609151296877
3.10559,1609151296978
5.8091288,1609151297078
27.68595,1609151297179
3.966597,1609151297280
3.5196688,1609151297380
3.966597,1609151297480
4.5738044,1609151297581
3.7190084,1609151297682
4.347826,1609151297783
4.158004,1609151297883
3.5343037,1609151297984
4.781705,1609151298084
4.781705,1609151298185
4.5360827,1609151298286
3.9583333,1609151298387
3.526971,1609151298487
3.757829,1609151298588
3.7190084,1609151298688
3.3333335,1609151298789
3.742204,1609151298890
3.742204,1609151298990
4.7619047,1609151299091
4.3659043,1609151299191
3.9419088,1609151299292
1.242236,1609151299393
0.82644624,1609151299494
1.86722,1609151299594
1.0351967,1609151299695
4.7717843,1609151299796
5.8212056,1609151299896
5.6133056,1609151299997
5.394191,1609151300098
24.740126,1609151300198
30.927834,1609151300299
22.708334,1609151300400
29.813665,1609151300500
19.54262,1609151300601
31.392933,1609151300702
10.580913,1609151300802
10.995851,1609151300903
12.266112,1609151301003
15.208334,1609151301104
14.791666,1609151301205
24.223602,1609151301305
18.6722,1609151301406
11.018711,1609151301507
22.680412,1609151301607
22.037422,1609151301708
20.247932,1609151301809
17.165668,1609151301913
27.066114,1609151302014
32.85124,1609151302115
19.750519,1609151302215
27.442827,1609151302316
26.970955,1609151302417
19.166666,1609151302517
28.870293,1609151302618
30.56133,1609151302718
31.808731,1609151302819
29.079496,1609151302920
31.392933,1609151303020
22.245321,1609151303121
23.858921,1609151303222
22.058825,1609151303322
27.027025,1609151303423
26.052105,1609151303527
25.995806,1609151303628
35.610764,1609151303728
28.066528,1609151303828
25.105486,1609151303929
27.650728,1609151304029
24.21712,1609151304130
28.0083,1609151304230
16.458334,1609151304331
27.858627,1609151304431
28.838175,1609151304531
19.547325,1609151304632
28.870293,1609151304732
22.981367,1609151304833
27.708334,1609151304933
30.625,1609151305034
32.77662,1609151305134
24.476988,1609151305234
27.916666,1609151305335
28.898129,1609151305435
23.958332,1609151305536
25.726143,1609151305636
21.503132,1609151305737
31.950209,1609151305837
25.726143,1609151305937
23.651453,1609151306038
23.382046,1609151306138
35.294117,1609151306239
20.790022,1609151306339
21.294363,1609151306439
25.987526,1609151306540
28.661087,1609151306640
20.754717,1609151306741
31.106472,1609151306841
21.784233,1609151306941
24.948025,1609151307042
24.369747,1609151307142
22.15321,1609151307243
27.442827,1609151307343
23.430964,1609151307444
28.541666,1609151307545
26.834381,1609151307646
25.826445,1609151307746
28.630707,1609151307847
21.532091,1609151307948
28.333334,1609151308049
32.985386,1609151308149
20.954357,1609151308250
26.569038,1609151308350
24.532225,1609151308451
29.66805,1609151308552
23.908524,1609151308652
27.536232,1609151308753
24.896265,1609151308854
19.95842,1609151308954
22.129436,1609151309055
25.313807,1609151309156
34.303535,1609151309256
24.173553,1609151309357
31.941545,1609151309458
26.348549,1609151309558
26.304802,1609151309659
23.395445,1609151309759
30.912865,1609151309860
31.392933,1609151309960
29.497906,1609151310061
26.72234,1609151310162
30.000002,1609151310262
21.458334,1609151310363
24.791666,1609151310464
20.41237,1609151310564
13.333334,1609151310665
18.6722,1609151310765
19.54262,1609151310866
22.176592,1609151310967
19.665272,1609151311067
15.52795,1609151311168
11.899791,1609151311268
13.22314,1609151311369
14.522822,1609151311470
20.954357,1609151311570
21.161825,1609151311671
20.920502,1609151311772
20.867767,1609151311872
11.642411,1609151311973
19.421488,1609151312074
16.424116,1609151312174
17.842323,1609151312275
15.909091,1609151312376
14.876034,1609151312476
14.791666,1609151312577
15.560166,1609151312678
18.6722,1609151312778
14.791666,1609151312879
5.8212056,1609151312980
15.560166,1609151313080
25.051762,1609151313181
17.01245,1609151313282
9.128631,1609151313383
12.4481325,1609151313483
19.047619,1609151313584
17.842323,1609151313685
10.020877,1609151313786
14.760915,1609151313887
19.381443,1609151313987
10.515464,1609151314089
10.833333,1609151314189
16.182573,1609151314289
21.413721,1609151314390
7.231405,1609151314490
20.625,1609151314591
10.855949,1609151314692
16.528925,1609151314792
5.4279747,1609151314893
22.083334,1609151314994
19.294605,1609151315095
18.144331,1609151315195
11.20332,1609151315296
15.352697,1609151315397
17.047817,1609151315498
6.846473,1609151315598
22.083334,1609151315699
12.681913,1609151315799
5.6133056,1609151315900
18.16284,1609151316001
18.012423,1609151316102
16.632015,1609151316202
10.625,1609151316303
14.730291,1609151316404
16.322315,1609151316505
5.9917355,1609151316606
23.443983,1609151316706
18.464731,1609151316807
11.20332,1609151316908
17.842323,1609151317009
15.113873,1609151317110
18.84058,1609151317210
9.3361,1609151317311
15.560166,1609151317412
18.181818,1609151317513
17.043121,1609151317614
12.240664,1609151317715
12.708333,1609151317815
16.563147,1609151317916
6.875,1609151318017
16.424116,1609151318117
17.427387,1609151318217
9.543569,1609151318318
13.485477,1609151318419
17.391304,1609151318520
5.749487,1609151318621
21.784233,1609151318722
12.655602,1609151318822
19.709543,1609151318923
9.6907215,1609151319024
13.541667,1609151319125
17.219917,1609151319226
10.995851,1609151319326
14.93776,1609151319427
20.824741,1609151319528
16.356108,1609151319629
9.710744,1609151319730
13.513513,1609151319831
16.494844,1609151319931
5.1867223,1609151320032
18.5567,1609151320133
19.12682,1609151320234
16.182573,1609151320335
10.580913,1609151320436
15.289256,1609151320537
17.782427,1609151320637
9.484536,1609151320738
13.75,1609151320839
17.219917,1609151320940
17.598345,1609151321041
10.995851,1609151321142
17.975206,1609151321243
14.285715,1609151321344
13.636364,1609151321444
14.46281,1609151321545
13.871635,1609151321646
16.283924,1609151321747
5.9917355,1609151321848
25.051762,1609151321948
15.176715,1609151322049
4.989605,1609151322150
23.188406,1609151322251
17.427387,1609151322351
17.561985,1609151322452
6.237006,1609151322553
15.560166,1609151322654
15.767635,1609151322755
5.1867223,1609151322855
18.801653,1609151322956
16.424116,1609151323057
11.958763,1609151323158
12.863071,1609151323259
17.427387,1609151323359
16.528925,1609151323460
6.4315357,1609151323561
15.767635,1609151323662
16.008316,1609151323763
5.785124,1609151323863
24.273859,1609151323964
15.70248,1609151324065
21.532091,1609151324166
9.31677,1609151324267
12.809917,1609151324367
17.463617,1609151324468
5.1546392,1609151324569
23.347109,1609151324670
12.962963,1609151324771
16.770187,1609151324872
6.584362,1609151324973
20.661158,1609151325073
12.916666,1609151325174
21.07438,1609151325275
10.395011,1609151325376
12.863071,1609151325477
18.350515,1609151325578
9.670782,1609151325678
19.875776,1609151325779
13.608247,1609151325880
19.375,1609151325981
6.875,1609151326082
25.826445,1609151326183
15.113873,1609151326284
8.074533,1609151326385
17.561985,1609151326486
20.618557,1609151326587
19.461697,1609151326688
5.578512,1609151326789
15.051547,1609151326890
19.33472,1609151326991
9.751038,1609151327092
12.962963,1609151327193
17.219917,1609151327294
18.144331,1609151327394
9.205021,1609151327495
21.161825,1609151327596
15.800417,1609151327696
7.9166665,1609151327797
19.047619,1609151327898
16.875,1609151327999
13.958333,1609151328099
5.9917355,1609151328200
22.567287,1609151328301
19.958847,1609151328401
9.896907,1609151328502
13.958333,1609151328603
15.051547,1609151328703
12.578617,1609151328804
6.4049587,1609151328905
16.839916,1609151329005
16.597511,1609151329106
5.7971015,1609151329207
16.875,1609151329308
15.384616,1609151329408
14.814815,1609151329509
12.603305,1609151329609
16.666668,1609151329710
17.782427,1609151329810
10.020877,1609151329911
21.875,1609151330011
19.461697,1609151330112
9.3361,1609151330212
14.791666,1609151330313
17.083334,1609151330413
9.77131,1609151330514
16.356108,1609151330614
15.384616,1609151330715
18.828451,1609151330815
9.3361,1609151330916
15.384616,1609151331016
21.458334,1609151331117
9.3361,1609151331217
17.879417,1609151331318
13.664596,1609151331418
10.386966,1609151331521
15.800417,1609151331622
13.871635,1609151331722
18.125,1609151331823
4.781705,1609151331924
17.427387,1609151332024
22.061855,1609151332125
11.899791,1609151332225
15.495868,1609151332326
15.767635,1609151332427
19.791668,1609151332527
6.61157,1609151332628
17.708332,1609151332728
20.954357,1609151332829
9.166667,1609151332929
15.975104,1609151333030
18.087318,1609151333131
6.004141,1609151333232
19.502075,1609151333332
20.703934,1609151333433
8.921162,1609151333534
18.6722,1609151333635
24.481327,1609151333735
10.633947,1609151333836
12.708333,1609151333937
17.255718,1609151334037
8.902691,1609151334138
15.866388,1609151334239
5.785124,1609151334339
17.083334,1609151334440
6.6528068,1609151334540
17.671518,1609151334641
10.18711,1609151334742
17.01245,1609151334842
5.383023,1609151334943
19.12682,1609151335044
5.6133056,1609151335144
18.371607,1609151335245
5.6133056,1609151335346
17.598345,1609151335446
4.5738044,1609151335547
10.438414,1609151335648
15.0205765,1609151335748
11.018711,1609151335849
18.257261,1609151335949
9.958507,1609151336050
14.93776,1609151336151
9.297521,1609151336252
32.57732,1609151336352
16.216215,1609151336453
4.106776,1609151336554
3.1120331,1609151336654
3.5123966,1609151336755
3.0165312,1609151340433
11.8257265,1609151340534
3.0991735,1609151340635
3.305785,1609151340736
2.892562,1609151340837
7.0393376,1609151340938
19.709543,1609151341039
20.206186,1609151341140
9.937888,1609151341241
4.7619047,1609151341341
6.846473,1609151341442
31.818182,1609151341543
10.90535,1609151341644
6.237006,1609151341744
13.900415,1609151341845
25.051762,1609151341946
9.3361,1609151342047
4.5548654,1609151342148
2.7027028,1609151342248
4.149378,1609151342349
11.018711,1609151342450
3.3264034,1609151342551
3.305785,1609151342651
4.356847,1609151342752
26.597939,1609151342853
11.434511,1609151342953
7.9166665,1609151343054
3.10559,1609151343155
2.9045644,1609151343256
10.766046,1609151343356
4.968944,1609151343457
3.7098103,1609151343711
33.05785,1609151343812
10.995851,1609151343912
8.091287,1609151344013
4.7619047,1609151344114
7.660455,1609151344215
16.528925,1609151344316
5.1759834,1609151344417
3.305785,1609151344518
5.1229506,1609151344620
13.319673,1609151344721
20.824741,1609151344822
7.4534163,1609151344923
3.7113402,1609151345025
4.123711,1609151345127
8.179959,1609151345228
15.746421,1609151345330
5.510204,1609151345431
3.4979424,1609151345533
6.967213,1609151345634
22.061855,1609151345736
8.865979,1609151345837
4.5360827,1609151345939
4.9281316,1609151346041
4.3209877,1609151346142
15.541922,1609151346244
8.213552,1609151346345
3.2989693,1609151346447
3.8934424,1609151346549
7.9268293,1609151346650
21.649485,1609151346752
9.221312,1609151346853
3.7037036,1609151346955
3.0927835,1609151347056
3.2854211,1609151347158
11.451942,1609151347259
4.9484534,1609151347361
3.2854211,1609151347463
4.3209877,1609151347564
14.897959,1609151347666
32.848232,1609151347767
9.27835,1609151347868
5.761317,1609151347970
5.327869,1609151348071
15.811089,1609151348173
7.4226804,1609151348274
3.0864198,1609151348376
5.532787,1609151348477
22.061855,1609151348579
9.4262295,1609151348680
6.5708423,1609151348782
3.292181,1609151348883
3.2854211,1609151348985
8.384458,1609151349086
8.62423,1609151349188
3.2854211,1609151349289
4.0899796,1609151349391
11.7283945,1609151349493
26.694044,1609151349594
11.247443,1609151349696
5.9793816,1609151349797
4.9281316,1609151349899
15.163935,1609151350000
8.884297,1609151350102
3.7037036,1609151350203
4.303279,1609151350305
18.106995,1609151350406
14.669421,1609151350507
8.811476,1609151350608
3.4979424,1609151350709
3.305785,1609151350810
6.832298,1609151350911
8.695652,1609151351012
4.312115,1609151351113
3.4979424,1609151351214
3.9337475,1609151351315
37.190083,1609151351417
11.860941,1609151351518
8.008213,1609151351620
3.4907598,1609151351721
4.7325106,1609151351823
11.451942,1609151351924
3.4836066,1609151352026
3.4907598,1609151352127
4.517454,1609151352229
33.95445,1609151352330
10.743801,1609151352431
7.628866,1609151352533
2.6915114,1609151352634
3.4907598,1609151352736
11.885246,1609151352837
5.13347,1609151352939
3.6960986,1609151353040
4.1152263,1609151353141
18.346775,1609151353244
31.950209,1609151353345
9.917356,1609151353446
5.1867223,1609151353547
4.752066,1609151353647
16.977224,1609151353748
7.2463765,1609151353849
2.9106028,1609151353950
4.9792533,1609151354050
26.611227,1609151354151
9.31677,1609151354252
7.6131687,1609151354353
3.0991735,1609151354454
3.0991735,1609151354554
9.31677,1609151354655
6.846473,1609151354756
2.7027028,1609151354856
3.526971,1609151354957
11.850311,1609151355058
32.505177,1609151355158
10.373445,1609151355259
5.1652894,1609151355360
2.6970954,1609151355461
6.6528068,1609151355562
9.484536,1609151355662
3.5123966,1609151355763
3.118503,1609151355864
10.743801,1609151355964
23.284822,1609151356065
10.766046,1609151356166
6.846473,1609151356267
4.752066,1609151356367
13.457558,1609151356468
11.293634,1609151356569
4.149378,1609151356669
4.356847,1609151356770
10.602911,1609151356871
21.237114,1609151356972
8.488612,1609151357072
4.149378,1609151357173
4.9792533,1609151357274
12.6294,1609151357374
10.766046,1609151357475
4.149378,1609151357576
3.125,1609151357676
6.818182,1609151357777
21.991701,1609151357878
8.921162,1609151357979
3.526971,1609151358080
3.10559,1609151358181
3.73444,1609151358282
11.157024,1609151358383
3.5123966,1609151358484
2.892562,1609151358585
3.5051546,1609151358686
28.1893,1609151358788
11.776859,1609151358889
9.0721655,1609151358990
4.9484534,1609151359092
5.544148,1609151359193
16.082474,1609151359294
6.3655033,1609151359396
3.0864198,1609151359497
4.9484534,1609151359599
21.8107,1609151359700
9.053497,1609151359802
5.327869,1609151359904
3.4764826,1609151360005
2.6804123,1609151360107
10.721649,1609151360208
5.338809,1609151360309
3.292181,1609151360410
3.5123966,1609151360512
18.069817,1609151360613
23.858921,1609151360714
8.847736,1609151360815
2.892562,1609151360916
3.5051546,1609151361016
11.752577,1609151361117
4.356847,1609151361218
2.9045644,1609151361319
3.9419088,1609151361420
25.2588,1609151361521
13.692946,1609151361621
6.6390047,1609151361722
3.5051546,1609151361823
5.7971015,1609151361924
10.766046,1609151362024
2.7083333,1609151362125
3.118503,1609151362226
3.742204,1609151362326
25.103737,1609151362427
10.580913,1609151362528
4.752066,1609151362628
2.9045644,1609151362729
8.368201,1609151362830
6.198347,1609151362930
3.1120331,1609151363031
3.3333335,1609151363132
26.72234,1609151363233
11.363637,1609151363333
6.0165977,1609151363434
3.2989693,1609151363536
8.281573,1609151363637
6.352459,1609151363739
3.292181,1609151363840
4.3209877,1609151363942
29.30328,1609151364043
10.633947,1609151364145
5.1546392,1609151364247
6.967213,1609151364348
13.195877,1609151364450
4.303279,1609151364551
4.303279,1609151364653
20.90164,1609151364755
8.829569,1609151364856
3.4979424,1609151364958
3.0800822,1609151365059
8.230453,1609151365161
5.3608246,1609151365262
2.886598,1609151365364
5.1546392,1609151365465
31.211498,1609151365567
10.061602,1609151365668
3.2854211,1609151365769
7.186858,1609151365871
6.418219,1609151365972
3.2854211,1609151366073
9.0721655,1609151366175
19.668737,1609151366276
7.5819674,1609151366377
2.886598,1609151366479
9.0721655,1609151366580
4.123711,1609151366682
3.292181,1609151366783
13.842975,1609151366884
36.419754,1609151366985
5.749487,1609151367087
4.3209877,1609151367188
10.288066,1609151367290
3.6885247,1609151367391
3.292181,1609151367493
28.131416,1609151367594
10.53719,1609151367696
4.480652,1609151367798
6.734694,1609151367899
6.7761807,1609151368001
3.8934424,1609151368102
18.623482,1609151368204
20.083683,1609151368305
5.8212056,1609151368406
11.134021,1609151368507
8.62423,1609151368609
3.0927835,1609151368711
21.92623,1609151368812
9.259259,1609151368914
4.5081964,1609151369015
11.180124,1609151369117
7.597536,1609151369218
3.2854211,1609151369320
20.328543,1609151369421
8.436214,1609151369523
4.329897,1609151369624
14.549181,1609151369726
8.471075,1609151369827
4.303279,1609151369929
3.7267082,1609151370030
16.872429,1609151370132
15.226337,1609151370234
7.97546,1609151370335
4.303279,1609151370437
3.2854211,1609151370538
2.886598,1609151370640
2.8806584,1609151370741
3.2786884,1609151370843
3.2854211,1609151370945
3.0800822,1609151371046
3.0927835,1609151371148
3.9014373,1609151371249
3.2854211,1609151371351
3.2854211,1609151371452
3.0800822,1609151371554
3.2854211,1609151371655
3.4836066,1609151371757
3.4907598,1609151371858
3.6960986,1609151371959
3.9014373,1609151372061
2.8985507,1609151372162
3.6885247,1609151372264
3.0864198,1609151372365
3.6885247,1609151372467
3.4836066,1609151372568
3.4836066,1609151372670
2.6748972,1609151372772
3.877551,1609151372873
3.6960986,1609151372975
3.2854211,1609151373076
3.4907598,1609151373178
3.0800822,1609151373279
3.292181,1609151373381
3.8934424,1609151373483
4.4989777,1609151373584
4.0983605,1609151373686
12.830957,1609151373788
8.4536085,1609151373890
4.0983605,1609151373991
5.785124,1609151374093
21.443298,1609151374194
7.191781,1609151374315
4.5643153,1609151374416
2.9106028,1609151374516
2.9166667,1609151374617
3.7267082,1609151374718
9.31677,1609151374818
3.526971,1609151374919
4.958678,1609151375020
37.190083,1609151375121
11.909651,1609151375222
6.198347,1609151375323
4.347826,1609151375424
7.867495,1609151375525
3.0991735,1609151375626
10.3092785,1609151375726
34.36853,1609151375827
10.373445,1609151375928
6.185567,1609151376029
4.5643153,1609151376130
14.699793,1609151376231
8.884297,1609151376332
3.5196688,1609151376433
4.347826,1609151376534
15.0205765,1609151376634
16.115704,1609151376735
7.7083335,1609151376836
3.118503,1609151376937
2.7027028,1609151377037
7.024793,1609151377138
9.751038,1609151377239
3.305785,1609151377339
3.3195024,1609151377440
3.5343037,1609151377541
28.985506,1609151377641
11.20332,1609151377742
7.9002085,1609151377843
3.5123966,1609151377943
4.149378,1609151378044
11.018711,1609151378145
3.7267082,1609151378246
3.1120331,1609151378346
4.347826,1609151378447
24.532225,1609151378548
23.045267,1609151378648
9.147609,1609151378749
5.3719006,1609151378850
4.5738044,1609151378951
16.735537,1609151379051
5.8333335,1609151379152
3.305785,1609151379253
5.8091288,1609151379354
21.621622,1609151379454
9.31677,1609151379555
5.6133056,1609151379656
4.968944,1609151379757
4.7619047,1609151379857
15.767635,1609151379958
7.692308,1609151380059
3.5196688,1609151380159
3.7267082,1609151380260
17.842323,1609151380361
13.842975,1609151380462
8.281573,1609151380562
4.5454545,1609151380663
4.158004,1609151380764
7.46888,1609151380865
15.670103,1609151380965
4.158004,1609151381066
2.7083333,1609151381167
4.7717843,1609151381268
25.979382,1609151381368
9.166667,1609151381469
5.8455114,1609151381570
2.9045644,1609151381670
3.10559,1609151381771
9.504132,1609151381872
6.860707,1609151381972
2.9106028,1609151382073
3.5343037,1609151382174
11.850311,1609151382274
34.0249,1609151382375
10.766046,1609151382476
5.8091288,1609151382576
3.3126295,1609151382677
6.237006,1609151382778
10.144927,1609151382878
3.3126295,1609151382979
3.5196688,1609151383080
4.9792533,1609151383180
36.514523,1609151383281
10.788382,1609151383382
7.660455,1609151383482
4.968944,1609151383583
3.9501042,1609151383684
15.560166,1609151383784
8.281573,1609151383885
3.118503,1609151383986
4.347826,1609151384086
19.087137,1609151384187
15.866388,1609151384288
8.281573,1609151384388
3.5123966,1609151384489
2.8985507,1609151384590
8.074533,1609151384691
9.0721655,1609151384791
3.305785,1609151384892
3.7267082,1609151384993
11.410789,1609151385093
26.458332,1609151385194
10.580913,1609151385295
6.4315357,1609151385395
4.5738044,1609151385496
13.457558,1609151385597
10.973084,1609151385698
4.338843,1609151385799
2.9106028,1609151385899
5.6133056,1609151386000
24.016563,1609151386101
9.109731,1609151386201
4.752066,1609151386302
2.7027028,1609151386403
3.7190084,1609151386503
11.20332,1609151386604
4.338843,1609151386705
3.10559,1609151386806
3.9501042,1609151386907
13.636364,1609151387007
30.290457,1609151387108
9.523809,1609151387209
3.7267082,1609151387309
3.10559,1609151387410
6.680585,1609151387511
8.902691,1609151387611
3.1120331,1609151387712
2.9045644,1609151387813
4.5454545,1609151387914
28.423237,1609151388015
17.047817,1609151388115
8.731809,1609151388216
3.9337475,1609151388316
3.5123966,1609151388417
11.6182575,1609151388518
4.5738044,1609151388618
3.3126295,1609151388719
3.3126295,1609151388820
10.245901,1609151388921
39.457203,1609151389021
9.663866,1609151389122
4.7619047,1609151389222
2.7083333,1609151389323
5.3719006,1609151389423
11.20332,1609151389524
3.3126295,1609151389625
2.9045644,1609151389726
3.1120331,1609151389826
23.553719,1609151389928
18.801653,1609151390028
10.165976,1609151390129
3.7190084,1609151390230
3.10559,1609151390330
9.128631,1609151390431
7.2463765,1609151390532
3.3126295,1609151390633
3.9419088,1609151390733
13.278009,1609151390834
27.593363,1609151390934
9.583333,1609151391035
5.785124,1609151391136
4.958678,1609151391237
13.900415,1609151391337
8.125,1609151391438
3.7267082,1609151391538
4.7717843,1609151391639
25.518673,1609151391740
9.896907,1609151391841
6.0165977,1609151391942
3.0991735,1609151392043
3.4979424,1609151392144
6.21118,1609151392244
9.937888,1609151392345
3.0927835,1609151392446
2.9106028,1609151392547
4.7619047,1609151392648
37.966805,1609151392748
11.363637,1609151392849
7.231405,1609151392950
2.8985507,1609151393051
4.338843,1609151393152
11.018711,1609151393253
3.7113402,1609151393354
3.0991735,1609151393455
3.9419088,1609151393556
27.234926,1609151393657
14.669421,1609151393758
8.506225,1609151393859
4.781705,1609151393959
4.968944,1609151394060
17.113403,1609151394161
6.625259,1609151394261
3.7113402,1609151394362
6.0416665,1609151394463
22.774326,1609151394563
9.128631,1609151394664
5.4166665,1609151394765
3.1120331,1609151394865
3.7037036,1609151394966
10.766046,1609151395067
5.60166,1609151395168
3.5123966,1609151395268
2.9166667,1609151395369
17.327766,1609151395470
21.576763,1609151395571
10.144927,1609151395671
3.7190084,1609151395772
3.10559,1609151395873
9.523809,1609151395973
5.8212056,1609151396074
3.5196688,1609151396175
3.1120331,1609151396276
8.418891,1609151396376
34.237995,1609151396477
11.157024,1609151396578
4.158004,1609151396678
2.9045644,1609151396779
8.091287,1609151396880
8.298756,1609151396981
3.5123966,1609151397081
4.149378,1609151397182
9.812108,1609151397283
24.22998,1609151397383
10.208333,1609151397484
4.9792533,1609151397584
2.9106028,1609151397685
4.989605,1609151397786
10.559006,1609151397886
3.118503,1609151397987
3.5051546,1609151398088
4.7619047,1609151398188
31.40496,1609151398289
11.387163,1609151398390
7.2916665,1609151398490
4.968944,1609151398591
8.108108,1609151398691
16.115704,1609151398792
5.1867223,1609151398893
3.3126295,1609151398993
5.383023,1609151399094
25.726143,1609151399195
8.939709,1609151399296
5.3719006,1609151399396
2.7083333,1609151399497
3.3126295,1609151399598
11.410789,1609151399698
4.356847,1609151399799
3.1120331,1609151399899
4.7916665,1609151400000
45.929016,1609151400101
14.906833,1609151400201
8.091287,1609151400302
5.6133056,1609151400403
12.240664,1609151400504
10.788382,1609151400604
3.7500002,1609151400705
3.7267082,1609151400806
10.351967,1609151400906
21.07438,1609151401007
8.074533,1609151401108
3.7267082,1609151401209
2.9045644,1609151401309
5.8212056,1609151401410
9.543569,1609151401511
3.1120331,1609151401612
4.9484534,1609151401712
11.134021,1609151401813
26.086956,1609151401914
8.902691,1609151402014
2.5052192,1609151402115
3.305785,1609151402215
10.373445,1609151402316
4.5738044,1609151402417
2.7027028,1609151402517
9.97921,1609151402618
23.443983,1609151402719
10.3092785,1609151402819
3.73444,1609151402920
3.3126295,1609151403021
10.995851,1609151403122
4.5454545,1609151403223
3.9337475,1609151403323
15.495868,1609151403424
29.87552,1609151403525
14.492753,1609151403626
3.7267082,1609151403726
3.7267082,1609151403827
2.7027028,1609151403928
2.9045644,1609151404028
3.0991735,1609151404129
2.7027028,1609151404230
2.7027028,1609151404331
2.9045644,1609151404432
2.9045644,1609151404532
2.4896266,1609151404633
2.9166667,1609151404734
2.9166667,1609151404834
3.3195024,1609151404935
3.3333335,1609151405403
2.7083333,1609151405504
2.7139874,1609151405604
3.5123966,1609151405705
3.1120331,1609151405805
3.5196688,1609151405906
2.9045644,1609151406006
3.118503,1609151406107
3.7267082,1609151406208
3.118503,1609151406308
2.9227557,1609151406409
3.92562,1609151406509
3.3264034,1609151406610
3.5123966,1609151406710
2.9227557,1609151406811
3.5343037,1609151406911
3.3195024,1609151407012
3.7037036,1609151407113
2.9166667,1609151407213
3.1120331,1609151407314
2.9106028,1609151407415
4.7619047,1609151407515
3.9501042,1609151407616
14.256199,1609151407717
8.902691,1609151407817
3.5416667,1609151407918
6.0416665,1609151408018
23.75,1609151408119
9.730848,1609151408220
5.590062,1609151408320
4.5643153,1609151408421
7.484408,1609151408521
14.375,1609151408622
4.5643153,1609151408723
5.8091288,1609151408824
22.40664,1609151408924
8.541667,1609151409025
5.3608246,1609151409125
4.5738044,1609151409226
7.867495,1609151409327
13.692946,1609151409427
4.3659043,1609151409528
9.937888,1609151409629
18.464731,1609151409729
8.921162,1609151409830
4.149378,1609151409931
2.9045644,1609151410031
3.3126295,1609151410132
11.041667,1609151410233
4.958678,1609151410334
3.10559,1609151410434
3.1120331,1609151410535
23.265306,1609151410638
22.933884,1609151410738
8.958333,1609151410839
3.1120331,1609151410940
2.9106028,1609151411040
10.53719,1609151411141
5.6133056,1609151411242
2.9045644,1609151411343
2.7083333,1609151411443
14.876034,1609151411544
25,1609151411645
10.950414,1609151411745
3.5343037,1609151411846
2.7083333,1609151411946
9.523809,1609151412047
6.6528068,1609151412148
2.9166667,1609151412248
3.9337475,1609151412349
11.041667,1609151412449
27.650728,1609151412550
10.973084,1609151412651
5.555556,1609151412751
2.9045644,1609151412852
7.261411,1609151412953
8.884297,1609151413054
3.125,1609151413154
3.526971,1609151413255
10.580913,1609151413355
27.95031,1609151413456
10.788382,1609151413557
5.8091288,1609151413657
3.3126295,1609151413758
4.356847,1609151413859
11.594203,1609151413959
3.526971,1609151414060
3.3264034,1609151414161
5.1975055,1609151414261
30.705395,1609151414362
11.594203,1609151414462
5.6133056,1609151414563
2.7083333,1609151414663
2.9106028,1609151414764
11.410789,1609151414864
5.590062,1609151414965
3.5343037,1609151415066
4.968944,1609151415166
18.63354,1609151415267
23.651453,1609151415368
9.3361,1609151415468
5.394191,1609151415569
4.5738044,1609151415669
16.182573,1609151415770
7.867495,1609151415871
3.3195024,1609151415971
5.8091288,1609151416072
22.567287,1609151416173
8.939709,1609151416273
5.1975055,1609151416374
4.5738044,1609151416475
4.3659043,1609151416575
15.176715,1609151416676
8.677686,1609151416776
3.92562,1609151416877
5.0104384,1609151416977
28.247421,1609151417078
8.768268,1609151417179
6.61157,1609151417279
3.10559,1609151417380
2.6970954,1609151417481
7.0393376,1609151417581
9.504132,1609151417682
2.7083333,1609151417783
3.3195024,1609151417883
10.438414,1609151417984
24.00835,1609151418085
10.580913,1609151418185
5.1867223,1609151418286
3.305785,1609151418387
4.5833335,1609151418487
10.973084,1609151418588
3.1120331,1609151418689
3.526971,1609151418789
10.625,1609151418890
23.651453,1609151418990
11.387163,1609151419091
5.6133056,1609151419191
2.9106028,1609151419292
4.5738044,1609151419392
11.801242,1609151419493
3.125,1609151419594
3.5196688,1609151419694
4.356847,1609151419795
29.399586,1609151419895
11.064718,1609151419996
7.9002085,1609151420096
4.781705,1609151420197
4.9792533,1609151420298
16.317991,1609151420398
6.846473,1609151420499
3.742204,1609151420599
6.2240663,1609151420700
20.754717,1609151420800
8.75,1609151420901
4.7717843,1609151421002
2.9166667,1609151421102
3.5123966,1609151421203
9.3361,1609151421303
7.2463765,1609151421404
3.118503,1609151421505
3.3195024,1609151421605
7.867495,1609151421706
31.67702,1609151421806
10.208333,1609151421907
4.149378,1609151422008
3.305785,1609151422108
8.247422,1609151422209
8.506225,1609151422310
3.526971,1609151422410
3.118503,1609151422511
11.111112,1609151422611
35.966736,1609151422712
11.20332,1609151422812
6.418219,1609151422913
3.3126295,1609151423014
5.5670104,1609151423114
11.157024,1609151423215
3.3195024,1609151423316
3.3126295,1609151423416
4.149378,1609151423517
13.043478,1609151423618
23.799582,1609151423718
9.730848,1609151423819
4.742268,1609151423920
2.9045644,1609151424021
5.8455114,1609151424121
9.751038,1609151424222
3.305785,1609151424323
3.9337475,1609151424423
12.989691,1609151424524
23.75,1609151424625
10.743801,1609151424725
5.208333,1609151424826
4.5454545,1609151424927
10.559006,1609151425027
12.655602,1609151425128
4.356847,1609151425229
4.5643153,1609151425329
17.805382,1609151425430
13.485477,1609151425530
7.2765074,1609151425631
3.92562,1609151425732
4.752066,1609151425833
7.2916665,1609151425933
16.149067,1609151426034
5.4054055,1609151426134
3.742204,1609151426235
12.889812,1609151426336
22.474226,1609151426436
8.333334,1609151426537
4.5548654,1609151426638
4.7619047,1609151426739
4.356847,1609151426839
14.553015,1609151426940
9.090909,1609151427040
3.5343037,1609151427141
10.625,1609151427242
18.711018,1609151427342
8.541667,1609151427443
5.394191,1609151427543
2.9106028,1609151427644
2.9106028,1609151427745
7.46888,1609151427845
9.090909,1609151427946
3.3126295,1609151428047
4.329897,1609151428147
10.438414,1609151428248
24.532225,1609151428348
10.788382,1609151428449
4.5643153,1609151428550
2.9106028,1609151428650
4.7619047,1609151428751
11.20332,1609151428852
3.125,1609151428952
3.5123966,1609151429053
6.680585,1609151429153
29.253113,1609151429254
11.018711,1609151429355
6.2240663,1609151429455
3.1120331,1609151429556
2.7083333,1609151429656
11.226611,1609151429757
4.7717843,1609151429858
3.3195024,1609151429958
4.149378,1609151430059
15.800417,1609151430160
23.140495,1609151430260
9.876543,1609151430361
2.9227557,1609151430462
3.5051546,1609151430563
5.3719006,1609151430663
10.395011,1609151430764
3.92562,1609151430865
2.9106028,1609151430965
4.149378,1609151431066
3.9337475,1609151431167
35.12397,1609151431267
11.180124,1609151431368
7.6763487,1609151431469
2.892562,1609151431570
4.149378,1609151431670
10.855949,1609151431771
3.73444,1609151431871
3.1120331,1609151431972
4.329897,1609151432073
25.97137,1609151432175
16.977224,1609151432275
8.108108,1609151432376
4.781705,1609151432477
4.5454545,1609151432577
12.989691,1609151432678
10.810811,1609151432779
4.356847,1609151432879
3.9419088,1609151432980
5.4054055,1609151433080
22.997948,1609151433181
8.921162,1609151433282
5.60166,1609151433382
4.5833335,1609151433483
5.1975055,1609151433584
16.94215,1609151433684
6.625259,1609151433785
3.3126295,1609151433885
4.132231,1609151433986
20.997921,1609151434086
9.77131,1609151434187
6.6390047,1609151434288
4.781705,1609151434388
4.7619047,1609151434489
16.494844,1609151434590
8.488612,1609151434690
3.125,1609151434791
4.7325106,1609151434891
11.850311,1609151434992
23.443983,1609151435093
8.488612,1609151435193
3.9419088,1609151435294
2.9106028,1609151435395
8.713694,1609151435495
7.6763487,1609151435596
3.4749036,1609151435866
36.307056,1609151435967
11.20332,1609151436068
7.4534163,1609151436169
3.5123966,1609151436269
4.1407866,1609151436370
11.041667,1609151436470
3.5416667,1609151436571
3.10559,1609151436672
2.9166667,1609151436772
4.5548654,1609151436873
21.161825,1609151436973
35.550934,1609151437074
12.3173275,1609151437175
2.7083333,1609151437275
2.9106028,1609151437376
2.7083333,1609151437476
3.305785,1609151437577
2.9106028,1609151437678
2.8985507,1609151437779
3.3195024,1609151437879
2.9106028,1609151437980
3.3126295,1609151438081
3.3126295,1609151438181
2.5052192,1609151438282
2.8985507,1609151438383
3.3195024,1609151438484
3.305785,1609151438584
3.5196688,1609151438685
2.7027028,1609151438786
3.7113402,1609151438887
2.9045644,1609151438988
3.305785,1609151439089
2.7027028,1609151439190
3.4979424,1609151439290
3.7113402,1609151439391
2.9045644,1609151439492
2.9106028,1609151439593
3.3126295,1609151439693
3.1120331,1609151439794
2.8985507,1609151439895
3.10559,1609151439996
2.6970954,1609151440097
3.3126295,1609151440198
3.1120331,1609151440299
3.5123966,1609151440400
3.305785,1609151440501
2.9106028,1609151440601
3.7113402,1609151440702
3.742204,1609151440803
4.149378,1609151440904
5.1546392,1609151441005
5.144033,1609151441106
14.315353,1609151441206
9.710744,1609151441307
4.5360827,1609151441408
5.578512,1609151441509
20.661158,1609151441610
10.123966,1609151441710
7.2164946,1609151441811
4.5643153,1609151441912
5.3608246,1609151442013
14.432989,1609151442114
11.157024,1609151442215
4.1407866,1609151442316
4.5454545,1609151442416
10.766046,1609151442517
21.118011,1609151442618
8.108108,1609151442719
4.1407866,1609151442820
3.3126295,1609151442921
3.7190084,1609151443022
11.410789,1609151443122
4.5454545,1609151443223
3.7190084,1609151443324
3.9419088,1609151443425
12.6294,1609151443526
26.033058,1609151443627
10.123966,1609151443727
3.742204,1609151443828
3.7037036,1609151443929
7.0393376,1609151444030
9.876543,1609151444131
3.305785,1609151444231
2.7083333,1609151444332
4.356847,1609151444433
32.572617,1609151444534
11.801242,1609151444635
8.865979,1609151444736
4.752066,1609151444837
7.0393376,1609151444937
18.63354,1609151445038
5.1759834,1609151445139
3.305785,1609151445240
4.7619047,1609151445341
22.40664,1609151445442
8.939709,1609151445543
6.2240663,1609151445643
4.968944,1609151445744
4.5643153,1609151445845
17.255718,1609151445946
7.231405,1609151446047
3.3126295,1609151446148
4.3209877,1609151446248
16.59836,1609151446350
20.208334,1609151446450
7.9002085,1609151446551
5.1867223,1609151446651
5.1759834,1609151446752
16.424116,1609151446853
9.0721655,1609151446954
3.5196688,1609151447054
3.9501042,1609151447155
11.410789,1609151447256
24.279837,1609151447357
8.488612,1609151447458
3.5123966,1609151447559
2.7027028,1609151447660
6.584362,1609151447760
9.751038,1609151447861
3.305785,1609151447962
3.131524,1609151448063
5.578512,1609151448164
28.690228,1609151448265
11.363637,1609151448365
6.5979385,1609151448466
2.9106028,1609151448567
3.9419088,1609151448668
11.594203,1609151448769
4.3209877,1609151448870
3.1120331,1609151448971
3.5051546,1609151449071
20.041323,1609151449172
23.640167,1609151449273
10.351967,1609151449374
3.3195024,1609151449474
3.9175258,1609151449575
9.3361,1609151449676
7.4226804,1609151449777
3.5051546,1609151449878
3.526971,1609151449979
11.226611,1609151450080
28.36439,1609151450180
10.602911,1609151450281
5.3719006,1609151450382
3.0991735,1609151450483
5.9917355,1609151450583
9.3361,1609151450684
2.7027028,1609151450785
3.305785,1609151450886
3.3195024,1609151450987
13.250518,1609151451087
45.134575,1609151451188
13.429752,1609151451289
5.785124,1609151451390
3.3126295,1609151451491
3.3126295,1609151451592
3.3126295,1609151451693
3.7113402,1609151451793
2.9045644,1609151451894
3.305785,1609151451995
2.9106028,1609151452096
3.5051546,1609151452197
3.5123966,1609151452298
3.7037036,1609151452399
3.5123966,1609151452500
2.9045644,1609151452600
3.5196688,1609151452701
3.118503,1609151452802
2.9106028,1609151452903
3.3126295,1609151453004
3.9014373,1609151453105
3.7113402,1609151453206
3.7113402,1609151453306
3.5343037,1609151453407
3.5051546,1609151453508
4.158004,1609151453609
5.6133056,1609151453710
4.5643153,1609151453811
14.285715,1609151453912
9.543569,1609151454012
3.73444,1609151454113
3.1120331,1609151454214
6.6390047,1609151454315
24.223602,1609151454416
9.297521,1609151454517
6.4315357,1609151454617
4.958678,1609151454718
7.0686073,1609151454819
15.975104,1609151454920
6.3917527,1609151455021
3.7113402,1609151455122
5.8212056,1609151455223
22.360249,1609151455324
9.297521,1609151455424
6.004141,1609151455525
5.5670104,1609151455626
4.375,1609151455727
16.460905,1609151455828
7.644628,1609151455928
2.9166667,1609151456029
6.625259,1609151456130
22.107439,1609151456231
9.128631,1609151456332
5.6133056,1609151456433
3.5051546,1609151456534
3.526971,1609151456634
7.4534163,1609151456735
9.937888,1609151456836
3.92562,1609151456937
3.1120331,1609151457038
4.9792533,1609151457139
35.684647,1609151457240
11.7283945,1609151457341
7.85124,1609151457442
3.7037036,1609151457543
3.7267082,1609151457643
11.752577,1609151457744
4.958678,1609151457845
3.10559,1609151457946
3.9419088,1609151458047
15.670103,1609151458148
32.848232,1609151458249
9.751038,1609151458350
5.7971015,1609151458450
5.3608246,1609151458551
15.70248,1609151458652
7.8838177,1609151458753
3.7190084,1609151458854
4.3209877,1609151458955
12.4481325,1609151459055
18.426502,1609151459156
8.264462,1609151459257
4.149378,1609151459358
4.958678,1609151459459
13.900415,1609151459560
9.56341,1609151459661
3.9419088,1609151459761
3.118503,1609151459862
6.21118,1609151459963
25.672876,1609151460064
9.297521,1609151460165
5.3719006,1609151460266
4.781705,1609151460366
7.8350515,1609151460467
18.012423,1609151460568
5.1975055,1609151460669
3.7037036,1609151460770
4.384134,1609151460870
24.016563,1609151460971
9.876543,1609151461072
6.61157,1609151461173
5.785124,1609151461274
4.7717843,1609151461375
15.876288,1609151461475
8.488612,1609151461576
3.742204,1609151461677
4.968944,1609151461777
24.896265,1609151461878
8.958333,1609151461979
7.053942,1609151462079
4.356847,1609151462180
4.7619047,1609151462281
13.513513,1609151462382
11.134021,1609151462482
4.3659043,1609151462583
4.166667,1609151462684
6.198347,1609151462785
23.456789,1609151462885
9.0721655,1609151462986
4.338843,1609151463087
2.8985507,1609151463188
3.3264034,1609151463289
11.410789,1609151463390
5.1975055,1609151463491
3.5123966,1609151463592
2.9106028,1609151463692
8.281573,1609151463793
30.227745,1609151463894
10.721649,1609151463995
4.5454545,1609151464096
3.3195024,1609151464197
8.677686,1609151464297
8.091287,1609151464398
3.10559,1609151464499
2.9106028,1609151464600
5.4054055,1609151464701
31.134022,1609151464802
11.20332,1609151464903
7.261411,1609151465004
4.958678,1609151465104
8.264462,1609151465205
15.560166,1609151465306
5.1546392,1609151465407
2.7083333,1609151465508
4.5643153,1609151465609
25.413223,1609151465710
9.109731,1609151465810
6.2240663,1609151465911
4.9792533,1609151466012
4.968944,1609151466113
16.563147,1609151466214
7.0686073,1609151466314
4.2570953,1609151466565
26.44628,1609151466665
9.355509,1609151466766
6.0416665,1609151466867
5.1867223,1609151466967
4.158004,1609151467068
14.492753,1609151467168
11.134021,1609151467269
4.356847,1609151467370
4.123711,1609151467470
6.889353,1609151467570
23.173277,1609151467671
9.147609,1609151467771
6.263048,1609151467872
3.7113402,1609151467972
3.7190084,1609151468073
7.9166665,1609151468173
8.902691,1609151468274
2.7139874,1609151468374
3.3195024,1609151468475
2.7196653,1609151468575
11.157024,1609151468676
29.583332,1609151468776
10.625,1609151468877
5.4166665,1609151468978
4.5548654,1609151469079
17.525772,1609151469180
9.090909,1609151469280
3.7267082,1609151469381
3.118503,1609151469482
9.543569,1609151469583
19.502075,1609151469684
9.090909,1609151469784
4.7916665,1609151469885
4.375,1609151469985
7.261411,1609151470086
16.008316,1609151470186
5.208333,1609151470287
3.118503,1609151470388
5.555556,1609151470488
22.614107,1609151470589
9.856263,1609151470691
6.185567,1609151470792
2.886598,1609151470894
3.2854211,1609151470995
10.90535,1609151471097
5.967078,1609151471199
3.0864198,1609151471300
3.4979424,1609151471402
13.22314,1609151471503
31.546392,1609151471605
10.082304,1609151471706
5.5670104,1609151471808
5.1229506,1609151471909
15.257732,1609151472011
12.11499,1609151472112
4.517454,1609151472214
4.2769856,1609151472316
3.6885247,1609151472417
3.2786884,1609151472519
2.9045644,1609151472620
4.338843,1609151472721
31.340206,1609151472823
15.811089,1609151472925
7.597536,1609151473026
3.4764826,1609151473128
3.0927835,1609151473229
3.0864198,1609151473331
2.886598,1609151473433
3.2854211,1609151473535
3.0800822,1609151473636
3.0927835,1609151473738
3.6885247,1609151473839
3.4836066,1609151473941
3.4907598,1609151474042
3.4907598,1609151474144
3.4836066,1609151474245
2.886598,1609151474347
3.2786884,1609151474449
3.4907598,1609151474550
3.0927835,1609151474652
2.886598,1609151474753
3.0927835,1609151474854
3.4907598,1609151474956
3.2989693,1609151475057
2.892562,1609151475159
2.886598,1609151475260
3.0800822,1609151475362
3.292181,1609151475463
3.0927835,1609151475565
3.2854211,1609151475667
3.7113402,1609151475768
2.892562,1609151475870
3.6960986,1609151475971
3.9014373,1609151476073
4.7034764,1609151476174
3.9014373,1609151476276
2.886598,1609151476377
3.0864198,1609151476479
3.5051546,1609151476580
5.338809,1609151476682
4.9484534,1609151476784
15.463917,1609151476885
7.4074073,1609151476987
3.5051546,1609151477088
5.510204,1609151477190
16.59836,1609151477292
17.382414,1609151477393
7.392197,1609151477495
4.7034764,1609151477596
5.144033,1609151477698
5.1229506,1609151477799
15.843621,1609151477901
7.9918036,1609151478003
3.292181,1609151478104
4.9281316,1609151478206
17.611336,1609151478307
16.049381,1609151478408
7.644628,1609151478509
3.118503,1609151478609
2.9166667,1609151478710
4.811715,1609151478810
11.157024,1609151478911
3.118503,1609151479012
3.5123966,1609151479113
3.7037036,1609151479214
7.628866,1609151479315
34.70226,1609151479417
11.680328,1609151479519
8.230453,1609151479620
4.5454545,1609151479722
7.392197,1609151479823
16.632444,1609151479924
6.1601644,1609151480026
4.1152263,1609151480127
4.958678,1609151480229
27.104723,1609151480330
9.523809,1609151480431
7.010309,1609151480533
3.2989693,1609151480634
3.0927835,1609151480735
8.884297,1609151480836
7.4074073,1609151480938
2.6915114,1609151481039
4.0983605,1609151481141
6.5979385,1609151481242
37.037037,1609151481344
12.11499,1609151481446
7.2164946,1609151481547
5.13347,1609151481649
13.319673,1609151481751
10.655738,1609151481852
5.1124744,1609151481954
3.9094648,1609151482056
11.885246,1609151482157
22.950819,1609151482259
9.221312,1609151482360
4.3209877,1609151482462
3.292181,1609151482563
3.292181,1609151482665
11.656442,1609151482766
5.1759834,1609151482868
3.292181,1609151482969
3.4979424,1609151483071
8.247422,1609151483173
34.086243,1609151483274
11.836735,1609151483376
4.958678,1609151483477
3.6809816,1609151483579
7.6131687,1609151483680
9.016393,1609151483782
3.0864198,1609151483884
3.292181,1609151483986
6.185567,1609151484087
30.041153,1609151484189
11.7283945,1609151484290
6.995885,1609151484392
3.8934424,1609151484493
4.5454545,1609151484594
11.7283945,1609151484696
3.305785,1609151484797
4.0899796,1609151484899
4.338843,1609151485000
25.879917,1609151485102
16.803278,1609151485203
8.471075,1609151485305
3.6960986,1609151485406
3.4907598,1609151485508
11.088296,1609151485609
6.029106,1609151485710
3.305785,1609151485811
7.231405,1609151485912
13.842975,1609151486013
32.164948,1609151486114
11.065574,1609151486215
4.329897,1609151486317
3.305785,1609151486418
7.8350515,1609151486519
8.695652,1609151486620
3.7267082,1609151486721
2.9045644,1609151486822
6.818182,1609151486924
27.216494,1609151487025
11.522634,1609151487127
7.786885,1609151487228
5.3169737,1609151487330
5.942623,1609151487432
17.008198,1609151487533
6.3655033,1609151487635
3.292181,1609151487736
5.327869,1609151487838
23.868313,1609151487939
9.259259,1609151488041
6.61157,1609151488143
4.9382715,1609151488244
5.1229506,1609151488346
16.115704,1609151488448
8.384458,1609151488549
3.4907598,1609151488651
5.1124744,1609151488752
12.704918,1609151488854
19.6281,1609151488956
8.401639,1609151489057
3.292181,1609151489159
3.292181,1609151489260
8.179959,1609151489362
8.659794,1609151489463
3.8934424,1609151489565
3.7037036,1609151489666
8.074533,1609151489767
27.5154,1609151489869
11.157024,1609151489970
6.6390047,1609151490071
4.7325106,1609151490171
7.8350515,1609151490272
15.352697,1609151490373
5.394191,1609151490473
3.3195024,1609151490574
5.4054055,1609151490675
25.672876,1609151490776
9.958507,1609151490876
6.4315357,1609151490977
5.578512,1609151491078
5.3719006,1609151491178
15.384616,1609151491279
8.074533,1609151491380
3.526971,1609151491481
3.7267082,1609151491581
11.340206,1609151491682
21.576763,1609151491783
9.109731,1609151491884
3.526971,1609151491985
3.3126295,1609151492086
7.392197,1609151492187
9.876543,1609151492289
3.4979424,1609151492390
3.4836066,1609151492492
9.109731,1609151492594
28.688522,1609151492695
11.680328,1609151492797
5.773196,1609151492898
3.2854211,1609151493000
5.1124744,1609151493102
11.885246,1609151493203
3.2854211,1609151493305
3.2854211,1609151493407
4.9281316,1609151493508
29.690722,1609151493610
11.522634,1609151493711
8.230453,1609151493813
4.9180326,1609151493915
5.5214725,1609151494017
18.40491,1609151494118
6.584362,1609151494220
3.6885247,1609151494322
5.9548254,1609151494423
22.474226,1609151494525
10.633947,1609151494626
5.761317,1609151494727
5.1652894,1609151494829
4.9281316,1609151494930
16.149067,1609151495032
7.6131687,1609151495133
3.8934424,1609151495235
4.7619047,1609151495337
18.312757,1609151495438
14.168377,1609151495540
7.786885,1609151495641
4.742268,1609151495742
4.329897,1609151495844
15.495868,1609151495945
9.445585,1609151496047
4.517454,1609151496149
4.0983605,1609151496250
11.111112,1609151496352
20.408163,1609151496453
8.847736,1609151496555
4.897959,1609151496656
3.0927835,1609151496757
7.4074073,1609151496859
8.641975,1609151496961
2.8806584,1609151497062
4.4560943,1609151497220
23.029045,1609151497321
18.087318,1609151497422
8.921162,1609151497522
3.7190084,1609151497623
3.3126295,1609151497723
9.543569,1609151497824
6.846473,1609151497925
3.118503,1609151498025
3.9419088,1609151498126
13.07054,1609151498226
25.360826,1609151498327
10,1609151498428
4.5643153,1609151498528
3.9175258,1609151498629
5.1867223,1609151498729
11.387163,1609151498830
3.7190084,1609151498931
3.3126295,1609151499032
4.5454545,1609151499132
29.27835,1609151499233
11.594203,1609151499333
8.506225,1609151499434
3.5051546,1609151499535
3.5123966,1609151499636
10.602911,1609151499736
5.6133056,1609151499837
2.9166667,1609151499938
4.149378,1609151500038
17.01245,1609151500139
25.93361,1609151500240
9.97921,1609151500340
3.131524,1609151500441
2.5,1609151500541
6.6390047,1609151500642
9.583333,1609151500743
4.1152263,1609151500843
2.9045644,1609151500944
3.7500002,1609151501045
32.985386,1609151501145
11.387163,1609151501246
8.333334,1609151501347
3.5051546,1609151501448
4.5548654,1609151501548
11.226611,1609151501649
4.132231,1609151501749
3.3126295,1609151501850
3.9583333,1609151501951
19.294605,1609151502052
30.246914,1609151502152
9.128631,1609151502253
6.029106,1609151502353
4.9792533,1609151502454
13.958333,1609151502555
9.56341,1609151502655
3.9337475,1609151502756
3.9337475,1609151502856
6.832298,1609151502957
27.329191,1609151503058
9.147609,1609151503158
5.394191,1609151503259
4.375,1609151503359
12.5,1609151503460
11.180124,1609151503561
4.781705,1609151503661
3.5123966,1609151503762
6.666667,1609151503862
27.892563,1609151503963
8.939709,1609151504064
6.0165977,1609151504164
4.5643153,1609151504265
7.261411,1609151504365
15.767635,1609151504466
5.7971015,1609151504567
3.118503,1609151504667
6.029106,1609151504768
21.25,1609151504868
10.165976,1609151504969
5.4054055,1609151505069
4.1152263,1609151505170
3.10559,1609151505271
9.56341,1609151505372
6.6528068,1609151505472
2.9045644,1609151505573
2.7083333,1609151505673
4.3659043,1609151505774
24.583334,1609151505874
31.340206,1609151505975
9.56341,1609151506076
3.3195024,1609151506176
2.9166667,1609151506277
3.5196688,1609151506378
3.118503,1609151506478
2.9106028,1609151506579
3.7113402,1609151506679
2.9106028,1609151506780
3.1120331,1609151506881
3.3195024,1609151506982
2.9106028,1609151507082
3.5196688,1609151507183
3.3195024,1609151507283
3.125,1609151507384
2.7083333,1609151507485
3.7190084,1609151507586
3.5123966,1609151507686
3.526971,1609151507787
3.5123966,1609151507888
2.9106028,1609151507988
3.3195024,1609151508089
2.7139874,1609151508190
3.7113402,1609151508290
2.7139874,1609151508391
3.3126295,1609151508492
3.118503,1609151508592
3.1120331,1609151508693
3.3126295,1609151508793
3.3195024,1609151508894
3.3195024,1609151508995
3.7267082,1609151509095
3.5343037,1609151509196
3.125,1609151509296
3.125,1609151509397
3.73444,1609151509497
2.7139874,1609151509598
3.3195024,1609151509698
3.73444,1609151509799
4.166667,1609151509899
4.5454545,1609151510000
4.7717843,1609151510101
11.8257265,1609151510201
3.9501042,1609151510302
3.3195024,1609151510402
3.3333335,1609151510503
18.813906,1609151510606
25.311205,1609151510706
10.766046,1609151510807
3.9419088,1609151510907
3.3195024,1609151511008
8.298756,1609151511108
7.6763487,1609151511209
3.118503,1609151511309
3.3264034,1609151511410
6.2240663,1609151511511
30.35343,1609151511611
11.25,1609151511712
7.2765074,1609151511812
4.7717843,1609151511913
5.8091288,1609151512013
17.634855,1609151512114
7.2463765,1609151512214
4.329897,1609151512315
5.1867223,1609151512415
14.519427,1609151512517
17.842323,1609151512618
7.6763487,1609151512718
3.73444,1609151512819
3.305785,1609151512920
7.46888,1609151513020
9.3361,1609151513121
3.5123966,1609151513222
3.3195024,1609151513323
7.644628,1609151513423
30.769232,1609151513524
12.396694,1609151513624
7.9002085,1609151513725
3.7037036,1609151513826
3.1120331,1609151513927
10.330579,1609151514027
6.4315357,1609151514128
3.125,1609151514229
3.10559,1609151514329
7.261411,1609151514430
42.73859,1609151514531
11.983471,1609151514631
9.937888,1609151514732
4.7717843,1609151514832
5,1609151514933
17.14876,1609151515034
7.2463765,1609151515134
3.3195024,1609151515235
3.5490606,1609151515336
17.291666,1609151515436
13.513513,1609151515537
8.091287,1609151515637
3.118503,1609151515738
3.3195024,1609151515838
3.3195024,1609151515939
10.438414,1609151516040
6.2240663,1609151516140
2.7139874,1609151516241
3.92562,1609151516341
13.485477,1609151516442
27.066114,1609151516542
11.387163,1609151516643
4.781705,1609151516744
3.7113402,1609151516844
5.1975055,1609151516945
11.546392,1609151517046
3.5343037,1609151517146
3.526971,1609151517247
4.375,1609151517348
14.730291,1609151517448
25.155926,1609151517549
9.937888,1609151517649
3.5416667,1609151517750
2.5,1609151517850
7.053942,1609151517951
8.75,1609151518052
2.9166667,1609151518152
3.3195024,1609151518253
5.60166,1609151518353
35.966736,1609151518454
12.577319,1609151518554
9.31677,1609151518655
3.9501042,1609151518756
3.7267082,1609151518856
9.0721655,1609151518957
7.8838177,1609151519058
4.123711,1609151519158
3.118503,1609151519259
7.515658,1609151519360
27.74327,1609151519460
10.6471815,1609151519561
8.298756,1609151519661
3.3195024,1609151519762
3.9175258,1609151519862
10.229645,1609151519963
14.553015,1609151520064
9.791667,1609151520164
4.356847,1609151520265
8.316008,1609151520366
31.808731,1609151520466
11.410789,1609151520567
6.21118,1609151520668
3.3195024,1609151520768
4.3659043,1609151520869
11.25,1609151520970
3.92562,1609151521070
3.118503,1609151521171
4.3659043,1609151521271
16.041666,1609151521372
25.103737,1609151521473
10.53719,1609151521573
5.7971015,1609151521674
4.375,1609151521775
14.699793,1609151521875
9.710744,1609151521976
4.347826,1609151522077
4.968944,1609151522177
11.691023,1609151522278
19.461697,1609151522378
8.281573,1609151522479
4.166667,1609151522579
5.1759834,1609151522680
4.3659043,1609151522781
13.636364,1609151522881
10.559006,1609151522982
4.166667,1609151523083
3.9337475,1609151523183
6.846473,1609151523284
22.981367,1609151523384
9.937888,1609151523485
6.029106,1609151523585
4.7916665,1609151523686
5.578512,1609151523787
16.875,1609151523887
7.053942,1609151523988
3.3195024,1609151524089
3.966597,1609151524189
11.594203,1609151524290
19.917013,1609151524390
9.56341,1609151524490
4.7717843,1609151524591
3.526971,1609151524692
3.742204,1609151524792
2.9045644,1609151524893
11.387163,1609151524993
5.60166,1609151525094
2.9227557,1609151525194
3.118503,1609151525295
4.5738044,1609151525395
21.621622,1609151525495
31.327803,1609151525596
7.515658,1609151525696
2.9166667,1609151525797
2.9166667,1609151525897
2.9166667,1609151525998
3.125,1609151526098
3.3195024,1609151526199
3.3402925,1609151526299
3.3195024,1609151526400
3.9337475,1609151526500
3.1380754,1609151526601
2.9166667,1609151526701
2.7139874,1609151526802
4.5267487,1609151526902
3.118503,1609151527002
3.5490606,1609151527103
3.5343037,1609151527203
5.590062,1609151527304
3.3195024,1609151527405
3.0991735,1609151527506
7.644628,1609151527607
9.27835,1609151527708
3.5051546,1609151527809
3.9592762,1609151527993
22.614107,1609151528094
16.322315,1609151528195
9.31677,1609151528295
4.7916665,1609151528396
5.1867223,1609151528497
17.01245,1609151528598
7.692308,1609151528698
3.3195024,1609151528799
4.347826,1609151528900
12.6294,1609151529001
19.008265,1609151529102
8.695652,1609151529203
4.781705,1609151529303
4.5643153,1609151529404
8.350731,1609151529505
15.767635,1609151529605
4.7619047,1609151529706
4.338843,1609151529807
8.523909,1609151529908
21.8107,1609151530009
9.109731,1609151530110
4.338843,1609151530211
5.1652894,1609151530312
4.958678,1609151530413
15.560166,1609151530514
8.471075,1609151530615
3.5343037,1609151530715
6.4049587,1609151530816
14.078675,1609151530917
20.123203,1609151531018
8.108108,1609151531119
4.347826,1609151531220
4.752066,1609151531321
7.46888,1609151531422
16.736403,1609151531523
5.9793816,1609151531623
3.3195024,1609151531724
7.024793,1609151531825
24.691359,1609151531926
9.917356,1609151532027
7.010309,1609151532128
3.2989693,1609151532229
2.4948025,1609151532329
7.85124,1609151532430
9.090909,1609151532531
3.7267082,1609151532632
2.9106028,1609151532733
6.21118,1609151532834
30.497927,1609151532935
11.594203,1609151533036
8.281573,1609151533136
5.1652894,1609151533237
7.6763487,1609151533338
15.833333,1609151533439
6.185567,1609151533540
3.5196688,1609151533641
8.488612,1609151533742
23.651453,1609151533842
9.56341,1609151533943
4.989605,1609151534044
2.9045644,1609151534145
3.7190084,1609151534246
8.316008,1609151534347
8.281573,1609151534448
3.5196688,1609151534549
3.5196688,1609151534649
6.3917527,1609151534750
39.834026,1609151534851
11.570248,1609151534952
8.829569,1609151535053
3.305785,1609151535154
3.3264034,1609151535255
11.410789,1609151535356
5.544148,1609151535457
3.10559,1609151535558
4.7717843,1609151535659
14.46281,1609151535760
29.752068,1609151535860
9.937888,1609151535961
4.347826,1609151536062
2.8985507,1609151536163
6.004141,1609151536264
10.515464,1609151536365
2.9106028,1609151536466
3.305785,1609151536567
3.7267082,1609151536668
24.166666,1609151536769
33.333336,1609151536870
10.766046,1609151536971
4.5454545,1609151537072
3.5123966,1609151537172
8.057852,1609151537273
9.259259,1609151537374
3.5416667,1609151537475
3.9094648,1609151537576
7.484408,1609151537677
37.809917,1609151537777
10.788382,1609151537878
7.0686073,1609151537979
3.1120331,1609151538080
3.5123966,1609151538181
11.157024,1609151538282
5.9793816,1609151538383
3.3195024,1609151538483
3.1120331,1609151538584
8.902691,1609151538685
29.87552,1609151538786
11.20332,1609151538887
4.7717843,1609151538988
3.305785,1609151539089
6.004141,1609151539190
11.570248,1609151539291
3.3264034,1609151539392
3.9094648,1609151539492
4.356847,1609151539593
18.312757,1609151539694
20.53942,1609151539794
9.147609,1609151539895
5.578512,1609151539996
4.5833335,1609151540096
15.73499,1609151540197
8.125,1609151540298
3.5343037,1609151540398
5.1867223,1609151540499
13.07054,1609151540600
17.768595,1609151540700
8.108108,1609151540801
4.123711,1609151540901
3.118503,1609151541002
3.526971,1609151541103
12.190083,1609151541203
4.752066,1609151541304
3.5196688,1609151541405
3.5196688,1609151541505
3.526971,1609151541606
5.1652894,1609151541706
17.671518,1609151541807
38.41336,1609151541908
13.457558,1609151542009
4.149378,1609151542109
3.3264034,1609151542210
3.5196688,1609151542310
3.118503,1609151542411
3.3264034,1609151542511
3.7190084,1609151542612
3.7190084,1609151542713
4.312115,1609151542814
3.3264034,1609151542914
3.3195024,1609151543015
3.131524,1609151543115
3.3195024,1609151543216
3.92562,1609151543317
3.3126295,1609151543418
3.305785,1609151543519
3.118503,1609151543620
3.5196688,1609151543721
3.6960986,1609151543822
3.5051546,1609151543923
3.9419088,1609151544024
3.7267082,1609151544124
3.9094648,1609151544225
3.3264034,1609151544326
2.9045644,1609151544427
3.3195024,1609151544528
3.1120331,1609151544629
3.305785,1609151544729
3.3195024,1609151544830
3.5196688,1609151544931
3.7267082,1609151545032
3.3195024,1609151545132
3.3195024,1609151545233
2.9166667,1609151545334
3.5196688,1609151545435
3.526971,1609151545536
4.123711,1609151545637
4.5738044,1609151545737
4.5643153,1609151545838
3.5123966,1609151545939
7.024793,1609151546040
10.123966,1609151546141
3.9094648,1609151546242
3.3195024,1609151546342
4.338843,1609151546443
14.285715,1609151546544
25.518673,1609151546645
9.77131,1609151546746
4.347826,1609151546847
2.9045644,1609151546948
6.625259,1609151547049
10.973084,1609151547150
3.3195024,1609151547250
3.5196688,1609151547351
7.4226804,1609151547452
30.848862,1609151547553
12.190083,1609151547654
8.041237,1609151547755
5.1652894,1609151547856
5.3719006,1609151547957
17.901234,1609151548058
7.2463765,1609151548159
3.3126295,1609151548259
6.2240663,1609151548360
13.842975,1609151548461
21.237114,1609151548562
8.074533,1609151548663
3.10559,1609151548764
3.3126295,1609151548865
5.785124,1609151548965
10.788382,1609151549066
4.303279,1609151549167
3.7190084,1609151549268
4.5738044,1609151549369
20.041323,1609151549470
26.229507,1609151549571
9.3361,1609151549672
3.5196688,1609151549773
3.0991735,1609151549874
6.004141,1609151549974
10.373445,1609151550075
3.3333335,1609151550176
3.9175258,1609151550277
7.0393376,1609151550378
20.790022,1609151550479
28.512398,1609151550580
10.330579,1609151550681
3.7267082,1609151550781
3.92562,1609151550882
7.0393376,1609151550983
10,1609151551084
3.9175258,1609151551185
3.3195024,1609151551286
7.024793,1609151551387
25.56701,1609151551488
17.463617,1609151551588
9.6907215,1609151551689
4.7325106,1609151551790
4.123711,1609151551891
7.9002085,1609151551992
9.053497,1609151552093
3.1120331,1609151552194
3.5123966,1609151552295
7.0393376,1609151552396
37.577003,1609151552496
11.570248,1609151552597
8.695652,1609151552698
5.555556,1609151552799
6.237006,1609151552900
16.149067,1609151553001
8.074533,1609151553102
3.3195024,1609151553203
4.149378,1609151553304
14.928426,1609151553404
17.427387,1609151553505
8.713694,1609151553606
4.752066,1609151553707
5.1652894,1609151553808
7.2164946,1609151553909
16.735537,1609151554010
5.60166,1609151554111
3.7190084,1609151554212
6.004141,1609151554312
22.245321,1609151554413
10.123966,1609151554514
6.61157,1609151554615
3.9094648,1609151554716
3.10559,1609151554817
4.968944,1609151554918
11.801242,1609151555018
4.132231,1609151555119
3.5196688,1609151555220
5.578512,1609151555321
15.52795,1609151555422
27.122152,1609151555523
9.523809,1609151555624
6.0165977,1609151555725
6.3917527,1609151555826
14.760915,1609151555927
12.836438,1609151556027
5.1975055,1609151556128
5.60166,1609151556229
4.5643153,1609151556330
12.863071,1609151556431
25.879917,1609151556531
13.333334,1609151556632
10.144927,1609151556733
4.149378,1609151556833
3.92562,1609151556934
3.742204,1609151557034
3.7267082,1609151557135
3.92562,1609151557236
3.73444,1609151557336
3.5196688,1609151557437
2.9106028,1609151557538
3.9175258,1609151557639
3.9419088,1609151557740
6.004141,1609151557840
8.506225,1609151557941
3.5196688,1609151558042
4.1407866,1609151558143
4.5738044,1609151558244
7.85124,1609151558345
4.517454,1609151558446
47.302906,1609151558547
12.603305,1609151558647
9.751038,1609151558748
5.1759834,1609151558849
5.1867223,1609151558950
15.94203,1609151559051
8.713694,1609151559152
3.7267082,1609151559252
4.752066,1609151559353
12.525667,1609151559454
24.375,1609151559555
9.128631,1609151559656
4.742268,1609151559757
2.9045644,1609151559858
3.5123966,1609151559959
9.751038,1609151560060
7.231405,1609151560161
3.3195024,1609151560262
3.9337475,1609151560363
13.043478,1609151560464
26.51357,1609151560565
11.522634,1609151560665
5.9793816,1609151560766
3.5123966,1609151560867
4.5548654,1609151560968
11.983471,1609151561069
4.5267487,1609151561170
3.3195024,1609151561271
3.5123966,1609151561372
10.950414,1609151561472
28.45361,1609151561573
11.018711,1609151561674
4.752066,1609151561775
3.7037036,1609151561876
5.60166,1609151561977
10.766046,1609151562078
3.3126295,1609151562179
4.5267487,1609151562280
4.356847,1609151562380
12.6294,1609151562481
25.773195,1609151562582
10.766046,1609151562683
7.010309,1609151562784
4.7619047,1609151562885
7.024793,1609151562986
17.355371,1609151563086
6.8041234,1609151563187
3.73444,1609151563288
6.0416665,1609151563389
22.680412,1609151563490
9.523809,1609151563591
6.444906,1609151563691
4.968944,1609151563792
4.7619047,1609151563893
8.281573,1609151563994
16.80498,1609151564095
5.1759834,1609151564196
3.5196688,1609151564297
7.438017,1609151564398
22.661123,1609151564498
9.97921,1609151564599
6.0165977,1609151564700
3.7113402,1609151564801
3.3195024,1609151564901
5.9793816,1609151565002
11.570248,1609151565103
3.9175258,1609151565204
3.3333335,1609151565305
3.7190084,1609151565406
9.917356,1609151565507
34.710743,1609151565608
11.180124,1609151565709
4.5454545,1609151565810
2.6970954,1609151565911
6.029106,1609151566012
10.165976,1609151566112
3.125,1609151566214
3.7037036,1609151566314
4.752066,1609151566415
15.384616,1609151566516
26.033058,1609151566617
9.109731,1609151566718
5.60166,1609151566819
4.9484534,1609151566920
14.166667,1609151567021
9.917356,1609151567122
4.5360827,1609151567223
4.1407866,1609151567324
12.058212,1609151567424
18.801653,1609151567525
8.921162,1609151567626
4.968944,1609151567727
3.5123966,1609151567828
3.10559,1609151567929
7.0393376,1609151568030
9.543569,1609151568131
4.123711,1609151568232
4.338843,1609151568333
3.73444,1609151568434
18.426502,1609151568534
29.645094,1609151568635
10.810811,1609151568735
5.590062,1609151568836
4.958678,1609151568937
5.578512,1609151569038
17.355371,1609151569139
7.484408,1609151569240
4.3209877,1609151569341
5.3497944,1609151569442
11.8257265,1609151569543
19.875776,1609151569643
8.333334,1609151569744
3.7267082,1609151569845
2.9106028,1609151569946
3.9175258,1609151570047
11.801242,1609151570148
4.968944,1609151570249
3.5196688,1609151570349
4.5454545,1609151570450
13.721414,1609151570551
25.826445,1609151570652
10.438414,1609151570753
4.958678,1609151570854
3.92562,1609151570955
3.7113402,1609151571055
9.3361,1609151571156
7.261411,1609151571257
4.123711,1609151571358
3.7113402,1609151571459
7.4534163,1609151571560
30.35343,1609151571660
15.062761,1609151571761
8.281573,1609151571862
3.1120331,1609151571962
3.9094648,1609151572063
9.504132,1609151572164
7.438017,1609151572265
3.3126295,1609151572366
4.5643153,1609151572467
13.07054,1609151572568
30.082989,1609151572669
10.995851,1609151572770
6.832298,1609151572871
3.5123966,1609151572972
3.10559,1609151573073
11.546392,1609151573173
5.590062,1609151573274
3.118503,1609151573375
4.5548654,1609151573476
14.784394,1609151573577
25.2588,1609151573678
10.559006,1609151573779
4.9792533,1609151573879
3.3126295,1609151573980
4.5548654,1609151574081
11.410789,1609151574182
4.132231,1609151574283
3.10559,1609151574384
5.5670104,1609151574485
15.463917,1609151574586
27.536232,1609151574687
10.144927,1609151574788
5.1652894,1609151574888
3.5051546,1609151574989
5.590062,1609151575090
11.018711,1609151575191
3.7113402,1609151575292
3.526971,1609151575393
4.5267487,1609151575494
16.182573,1609151575594
31.762297,1609151575695
9.77131,1609151575796
6.029106,1609151575897
3.9419088,1609151575998
15.73499,1609151576099
10.123966,1609151576200
4.149378,1609151576301
3.3126295,1609151576401
6.418219,1609151576502
30.227745,1609151576603
10.144927,1609151576704
7.2016463,1609151576805
5.1759834,1609151576906
7.85124,1609151577007
17.598345,1609151577108
8.902691,1609151577209
4.1407866,1609151577310
3.118503,1609151577410
3.1120331,1609151577511
2.8985507,1609151577612
7.2463765,1609151577713
30.848862,1609151577814
15.145228,1609151577915
4.7619047,1609151578016
3.5196688,1609151578117
3.7190084,1609151578218
3.10559,1609151578319
3.1120331,1609151578420
3.5196688,1609151578521
2.9045644,1609151578622
3.7113402,1609151578722
3.118503,1609151578823
3.3195024,1609151578924
3.118503,1609151579025
3.3195024,1609151579126
3.5123966,1609151579227
3.5196688,1609151579327
3.3195024,1609151579428
3.118503,1609151579529
3.9014373,1609151579630
3.3195024,1609151579731
3.5123966,1609151579832
3.3126295,1609151579933
3.3195024,1609151580034
3.5196688,1609151580134
4.1152263,1609151580235
3.3126295,1609151580336
3.3264034,1609151580437
2.9166667,1609151580538
3.3126295,1609151580638
4.5454545,1609151580739
4.9382715,1609151580840
3.5123966,1609151580941
3.5123966,1609151581042
3.5490606,1609151581143
3.7190084,1609151581244
3.9175258,1609151581345
2.9106028,1609151581446
3.5343037,1609151581546
5.1759834,1609151581647
5.590062,1609151581748
15.384616,1609151581849
8.695652,1609151581950
3.3264034,1609151582051
4.9792533,1609151582152
13.429752,1609151582253
19.875776,1609151582354
8.488612,1609151582454
4.5360827,1609151582555
4.958678,1609151582656
5.394191,1609151582757
16.182573,1609151582857
7.6763487,1609151582958
3.73444,1609151583059
5.394191,1609151583160
17.177914,1609151583261
18.087318,1609151583362
7.6763487,1609151583463
3.9419088,1609151583564
4.5548654,1609151583665
5.590062,1609151583765
15.833333,1609151583866
7.85124,1609151583967
3.3195024,1609151584068
5.6133056,1609151584169
14.226805,1609151584270
19.875776,1609151584371
7.8838177,1609151584472
2.7027028,1609151584573
3.7113402,1609151584673
3.3126295,1609151584774
10.165976,1609151584875
6.8041234,1609151584976
3.7190084,1609151585077
4.347826,1609151585178
12.681913,1609151585279
29.774126,1609151585379
10.973084,1609151585480
6.6528068,1609151585582
3.5123966,1609151585682
3.5123966,1609151585783
10.144927,1609151585884
7.010309,1609151585985
3.118503,1609151586086
3.5123966,1609151586187
11.934156,1609151586288
35.135136,1609151586388
12.396694,1609151586489
8.731809,1609151586590
5.1652894,1609151586691
5.1975055,1609151586792
16.356108,1609151586893
8.659794,1609151586994
3.9337475,1609151587095
5.1759834,1609151587196
13.22314,1609151587296
23.858921,1609151587397
9.31677,1609151587498
4.7717843,1609151587599
3.1120331,1609151587700
3.5123966,1609151587801
10.53719,1609151587902
6.0165977,1609151588002
4.1152263,1609151588103
3.3264034,1609151588204
7.6763487,1609151588305
33.125,1609151588406
11.6182575,1609151588507
7.644628,1609151588608
3.9175258,1609151588709
2.7027028,1609151588810
10.515464,1609151588911
6.2240663,1609151589012
3.5196688,1609151589113
4.9792533,1609151589213
12.215321,1609151589314
33.677685,1609151589415
10.766046,1609151589516
8.057852,1609151589617
5.1867223,1609151589718
8.230453,1609151589819
16.082474,1609151589920
8.125,1609151590021
4.123711,1609151590122
5.967078,1609151590223
13.664596,1609151590324
20.74689,1609151590425
8.333334,1609151590526
3.92562,1609151590627
3.3126295,1609151590727
3.305785,1609151590828
12.345679,1609151590929
5.1652894,1609151591030
3.118503,1609151591131
3.9501042,1609151591232
14.049586,1609151591333
28.600824,1609151591434
10.165976,1609151591535
4.7717843,1609151591636
3.5123966,1609151591737
4.347826,1609151591838
11.594203,1609151591939
4.7325106,1609151592040
3.3264034,1609151592141
5.3497944,1609151592242
16.182573,1609151592343
28.395063,1609151592444
10.123966,1609151592545
4.356847,1609151592646
3.3126295,1609151592746
3.9337475,1609151592847
11.6182575,1609151592948
5.1546392,1609151593049
3.73444,1609151593150
4.5833335,1609151593250
14.285715,1609151593351
31.120333,1609151593452
10.950414,1609151593553
5.578512,1609151593654
3.5196688,1609151593755
4.1407866,1609151593855
11.410789,1609151593956
4.347826,1609151594057
4.106776,1609151594158
4.5833335,1609151594259
15.226337,1609151594360
39.46281,1609151594461
10.559006,1609151594562
7.2164946,1609151594663
6.198347,1609151594764
6.3917527,1609151594865
17.463617,1609151594966
7.0393376,1609151595067
4.123711,1609151595168
6.0165977,1609151595269
21.900827,1609151595369
14.256199,1609151595470
7.867495,1609151595571
3.5123966,1609151595672
3.5123966,1609151595773
3.5123966,1609151595874
9.710744,1609151595975
7.438017,1609151596076
3.5196688,1609151596177
3.7267082,1609151596278
7.231405,1609151596379
28.36439,1609151596480
12.962963,1609151596581
8.677686,1609151596681
3.1120331,1609151596782
2.9166667,1609151596883
9.31677,1609151596984
8.401639,1609151597085
3.3195024,1609151597186
3.9175258,1609151597287
8.247422,1609151597388
32.64463,1609151597489
13.195877,1609151597590
7.9166665,1609151597691
1.6632017,1609151597791
2.4691358,1609151597892
12.4481325,1609151597993
4.958678,1609151598094
0.41322312,1609151598195
2.8985507,1609151598296
15.432098,1609151598397
10.416666,1609151598497
4.132231,1609151598598
1.242236,1609151598699
1.6528925,1609151598800
3.0991735,1609151598901
13.814433,1609151599001
2.8985507,1609151599102
0.20790021,1609151599203
3.9337475,1609151599304
19.793814,1609151599405
6.198347,1609151599505
2.2727273,1609151599606
0.20703934,1609151599707
0.20618558,1609151599808
1.4492754,1609151599909
8.471075,1609151600010
0.41322312,1609151600111
0.20661156,1609151600211
2.0618556,1609151600312
16.597511,1609151600413
21.413721,1609151600514
6.198347,1609151600615
1.0330578,1609151600716
0.20618558,1609151600817
3.305785,1609151600918
6.818182,1609151601019
0.20618558,1609151601120
0.41237116,1609151601221
1.6528925,1609151601321
9.543569,1609151601422
19.834711,1609151601523
13.842975,1609151601624
11.752577,1609151601725
7.660455,1609151601826
0.20703934,1609151601927
0.20661156,1609151602027
0.2074689,1609151602128
0.20661156,1609151602229
0.20703934,1609151602330
0.41322312,1609151602431
0.20703934,1609151602532
0.41237116,1609151602632
0.82644624,1609151602733
0.20703934,1609151602834
0.20703934,1609151602935
0.20703934,1609151603036
0.20661156,1609151603137
0.41237116,1609151603238
0.20703934,1609151603339
0.41237116,1609151603439
0.20703934,1609151603540
0.20703934,1609151603641
0.41237116,1609151603742
0.2074689,1609151603843
0.41237116,1609151603943
0.20703934,1609151604044
0.20618558,1609151604145
0.2074689,1609151604246
0.20661156,1609151604347
0.41322312,1609151604448
0.20618558,1609151604549
0.41322312,1609151604650
0.20703934,1609151604750
0.20618558,1609151604851
0.20703934,1609151604952
2.2821577,1609151605053
1.86722,1609151605153
3.5196688,1609151605254
4.752066,1609151605355
1.2396694,1609151605456
16.390041,1609151605557
16.494844,1609151605658
5.590062,1609151605759
1.0351967,1609151605860
0.20618558,1609151605960
0.20661156,1609151606061
0.41237116,1609151606162
0.8298756,1609151606263
8.230453,1609151606364
1.443299,1609151606465
0.20703934,1609151606566
0.41152263,1609151606666
1.4522822,1609151606767
13.721414,1609151606868
35.051544,1609151606969
7.231405,1609151607070
0.41407868,1609151607171
0.20661156,1609151607271
0.20661156,1609151607372
0.20661156,1609151607473
0.20703934,1609151607574
0.20703934,1609151607675
0.20703934,1609151607776
0.20703934,1609151607877
0.20618558,1609151607977
0.20703934,1609151608078
0.20703934,1609151608179
0.20703934,1609151608280
0.20703934,1609151608380
0.20661156,1609151608481
0.20703934,1609151608582
0.2074689,1609151608683
0.2074689,1609151608783
0.82815737,1609151608884
0.2074689,1609151608984
0.2074689,1609151609085
0.82815737,1609151609186
1.0373445,1609151609287
0.20576131,1609151609388
0.20703934,1609151609489
0.20618558,1609151609589
0.20703934,1609151609690
3.5196688,1609151609791
6.8041234,1609151609892
0.20661156,1609151609993
0.20703934,1609151610094
1.6494846,1609151610195
30.020704,1609151610296
8.471075,1609151610396
5.7971015,1609151610497
0.20618558,1609151610598
0.20703934,1609151610699
5.773196,1609151610800
4.356847,1609151610900
0.20703934,1609151611001
0.20703934,1609151611102
3.7190084,1609151611203
26.597939,1609151611304
8.4536085,1609151611405
2.8985507,1609151611506
0.41152263,1609151611607
0.20703934,1609151611708
5.3608246,1609151611809
4.9484534,1609151611909
0.20661156,1609151612010
0.8298756,1609151612111
8.281573,1609151612212
21.07438,1609151612313
7.4534163,1609151612414
2.484472,1609151612514
0.20703934,1609151612615
0.41237116,1609151612716
5.394191,1609151612817
4.5454545,1609151612918
0.41237116,1609151613019
0.20661156,1609151613119
4.338843,1609151613220
26.763487,1609151613321
8.264462,1609151613422
2.2727273,1609151613523
0.20661156,1609151613624
2.6804123,1609151613725
7.644628,1609151613825
0.20703934,1609151613926
0.20703934,1609151614027
1.446281,1609151614128
9.504132,1609151614229
20.74689,1609151614330
7.0393376,1609151614430
2.886598,1609151614531
1.4492754,1609151614632
4.9484534,1609151614733
12.371134,1609151614834
1.8633541,1609151614935
0.20703934,1609151615035
4.347826,1609151615136
19.214876,1609151615237
6.004141,1609151615338
1.0330578,1609151615439
0.20618558,1609151615540
0.41237116,1609151615641
6.4315357,1609151615741
3.5123966,1609151615842
0.20661156,1609151615943
1.0351967,1609151616044
9.297521,1609151616145
20.824741,1609151616246
7.024793,1609151616347
2.6859503,1609151616447
1.6563147,1609151616548
11.594203,1609151616649
6.21118,1609151616749
0.82815737,1609151616850
2.2774327,1609151616951
19.008265,1609151617052
6.198347,1609151617153
3.5196688,1609151617253
1.446281,1609151617354
1.871102,1609151617455
12.42236,1609151617556
8.436214,1609151617656
1.446281,1609151617757
0.20703934,1609151617858
0.20703934,1609151617959
0.41322312,1609151618060
2.9045644,1609151618160
25.56701,1609151618261
13.043478,1609151618362
3.10559,1609151618462
0.41322312,1609151618563
0.20703934,1609151618664
0.41237116,1609151618765
0.20703934,1609151618866
0.20661156,1609151618967
0.20703934,1609151619068
0.41322312,1609151619168
0.20661156,1609151619269
0.20703934,1609151619370
0.20661156,1609151619471
0.2074689,1609151619572
0.61728394,1609151619673
0.20703934,1609151619773
0.6198347,1609151619874
0.20703934,1609151619975
0.14245014,1609151620414
0.2074689,1609151620515
0.20703934,1609151620616
0.82644624,1609151620716
0.2074689,1609151620817
1.039501,1609151620917
0.20703934,1609151621018
0.20703934,1609151621119
0.20703934,1609151621220
0.20661156,1609151621320
0.20703934,1609151621421
0.20661156,1609151621522
0.2074689,1609151621622
0.2074689,1609151621723
0.20703934,1609151621823
0.20703934,1609151621924
0.2074689,1609151622024
0.20703934,1609151622125
0.20703934,1609151622226
0.20661156,1609151622326
7.660455,1609151622427
2.8985507,1609151622528
0.2074689,1609151622628
0.6237006,1609151622729
9.56341,1609151622829
27.385893,1609151622930
7.2463765,1609151623030
1.4492754,1609151623131
0.20703934,1609151623231
6.860707,1609151623332
2.074689,1609151623432
0.2074689,1609151623533
1.4492754,1609151623633
20.625,1609151623734
2.2774327,1609151623835
0.20703934,1609151623935
4.752066,1609151624036
3.3195024,1609151624136
0.20790021,1609151624237
1.242236,1609151624338
3.5196688,1609151624438
0.20703934,1609151624539
3.3195024,1609151624639
4.7619047,1609151624740
0.20703934,1609151624841
0.83160084,1609151624941
3.3126295,1609151625042
1.871102,1609151625142
1.4522822,1609151625243
4.3659043,1609151625343
5.6133056,1609151625444
5.8091288,1609151625544
5.1867223,1609151625645
3.966597,1609151625746
4.5738044,1609151625846
4.5833335,1609151625947
5.394191,1609151626047
5.60166,1609151626148
5.6133056,1609151626248
5.1975055,1609151626348
5.636743,1609151626449
5.8212056,1609151626549
6.029106,1609151626650
