25,1605149381450
0.621118,1605149381554
1.7857144,1605149381657
0.60606056,1605149381761
0.60975605,1605149381864
0.60975605,1605149381967
0.6024096,1605149382070
0.60975605,1605149382174
0.60975605,1605149382277
0.60606056,1605149382380
0.60975605,1605149382483
1.2121211,1605149382586
0.60975605,1605149382690
0.60606056,1605149382793
0.60975605,1605149382896
0.60606056,1605149382999
0.56497175,1605149383110
0.60975605,1605149383214
0.60606056,1605149383317
0.60606056,1605149383420
0.60975605,1605149383523
1.8404908,1605149383626
0.60975605,1605149383729
0.60975605,1605149383832
0.60606056,1605149383935
0.60975605,1605149384038
0.60606056,1605149384141
0.60975605,1605149384245
0.60606056,1605149384348
0.60606056,1605149384451
0.60975605,1605149384554
1.8292682,1605149384657
1.2195121,1605149384760
0.60606056,1605149384864
0.60606056,1605149384967
0.60975605,1605149385070
0.6024096,1605149385173
0.60975605,1605149385276
0.60606056,1605149385380
0.6024096,1605149385483
1.2048192,1605149385586
0.60975605,1605149385689
0.60975605,1605149385792
1.2121211,1605149385896
0.60606056,1605149385999
0.60606056,1605149386102
0.60975605,1605149386205
0.6024096,1605149386309
0.60975605,1605149386412
0.6024096,1605149386515
0.60975605,1605149386618
0.60606056,1605149386721
0.60975605,1605149386824
0.60606056,1605149386927
0.60975605,1605149387031
0.60606056,1605149387134
0.60606056,1605149387237
0.60606056,1605149387340
0.60606056,1605149387444
0.60606056,1605149387547
0.6024096,1605149387651
0.60975605,1605149387754
0.60606056,1605149387857
0.60606056,1605149387961
0.60975605,1605149388064
0.60975605,1605149388167
0.60606056,1605149388270
0.6024096,1605149388373
0.60975605,1605149388477
0.60975605,1605149388580
0.60975605,1605149388683
0.60975605,1605149388786
0.61728394,1605149388889
0.60606056,1605149388992
0.60606056,1605149389096
0.60606056,1605149389199
0.6134969,1605149389301
0.60975605,1605149389404
0.60975605,1605149389507
0.6134969,1605149389611
0.6024096,1605149389714
1.8292682,1605149389817
0.61728394,1605149389920
1.1976049,1605149390024
0.60606056,1605149390127
0.6134969,1605149390230
0.60606056,1605149390333
0.60606056,1605149390436
0.60606056,1605149390540
1.2195121,1605149390643
0.60606056,1605149390746
0.6134969,1605149390849
0.60606056,1605149390952
1.2195121,1605149391055
7.4074073,1605149391158
7.878788,1605149391262
2.9761906,1605149391365
0.60975605,1605149391468
0.60975605,1605149391571
4.968944,1605149391675
11.904762,1605149391778
7.6433125,1605149391882
11.515152,1605149391985
7.317073,1605149392088
8.536586,1605149392191
11.585366,1605149392294
8.024691,1605149392397
7.4074073,1605149392500
11.242603,1605149392603
7.9268293,1605149392706
8.074533,1605149392809
6.832298,1605149392912
12.269938,1605149393015
10.179641,1605149393119
8.536586,1605149393222
9.756097,1605149393325
5.555556,1605149393428
7.4534163,1605149393531
9.696969,1605149393634
7.9268293,1605149393738
7.272727,1605149393841
5.625,1605149393944
10.429448,1605149394047
6.832298,1605149394150
10.240964,1605149394253
5.7324843,1605149394356
6.134969,1605149394459
8.024691,1605149394562
9.81595,1605149394665
9.876543,1605149394768
11.377245,1605149394871
8.433735,1605149394975
11.764706,1605149395078
5.063291,1605149395181
8.641975,1605149395284
10.778442,1605149395387
9.259259,1605149395490
9.876543,1605149395593
8.9743595,1605149395696
7.4534163,1605149395799
7.5000005,1605149395903
9.146341,1605149396006
6.832298,1605149396109
8.024691,1605149396213
10.909091,1605149396316
8.484849,1605149396419
9.202455,1605149396522
11.445783,1605149396625
10.843374,1605149396728
5,1605149396831
6.790123,1605149396934
5.625,1605149397037
9.696969,1605149397140
12.727272,1605149397244
8.433735,1605149397347
6.832298,1605149397451
7.878788,1605149397554
9.146341,1605149397658
8.484849,1605149397761
9.146341,1605149397864
12.727272,1605149397967
8.536586,1605149398071
9.259259,1605149398174
7.4534163,1605149398277
11.309524,1605149398380
9.696969,1605149398483
8.074533,1605149398586
9.81595,1605149398689
9.638554,1605149398792
7.878788,1605149398895
7.4534163,1605149398998
6.7073174,1605149399101
8.024691,1605149399204
9.146341,1605149399307
10.062893,1605149399410
9.090909,1605149399514
8.484849,1605149399617
7.9268293,1605149399720
16.463415,1605149399823
10.625,1605149399926
10.062893,1605149400029
9.259259,1605149400132
14.814815,1605149400235
16.969698,1605149400338
17.79141,1605149400441
11.656442,1605149400544
13.124999,1605149400648
16.766468,1605149400751
11.656442,1605149400854
14.285715,1605149400957
8.125,1605149401061
9.638554,1605149401164
12.650603,1605149401267
14.634146,1605149401370
11.464969,1605149401473
16.129032,1605149401576
14.11043,1605149401679
13.414635,1605149401782
17.682926,1605149401885
10.493827,1605149401989
7.7844315,1605149402092
6.7073174,1605149402196
6.666667,1605149402299
8.333334,1605149402402
6.134969,1605149402505
5.194805,1605149402608
8.75,1605149402711
6.748466,1605149402814
9.036144,1605149402917
6.748466,1605149403020
7.228915,1605149403124
7.317073,1605149403226
6.748466,1605149403329
6.748466,1605149403433
6.7073174,1605149403536
7.8313255,1605149403639
6.666667,1605149403743
8.433735,1605149403846
7.317073,1605149403949
7.272727,1605149404052
7.272727,1605149404156
7.3619633,1605149404259
7.9268293,1605149404362
7.272727,1605149404465
6.134969,1605149404568
6.790123,1605149404671
7.878788,1605149404775
9.259259,1605149404878
9.696969,1605149404981
2.4691358,1605149405084
0.61728394,1605149405187
2.4096384,1605149405290
2.484472,1605149405393
0.60975605,1605149405496
3.0487804,1605149405599
3.0674846,1605149405701
1.8404908,1605149405805
4.8484845,1605149405908
4.268293,1605149406011
1.8404908,1605149406114
2.4539876,1605149406217
3.7735848,1605149406320
4.166667,1605149406423
1.8404908,1605149406526
1.8292682,1605149406629
2.4390242,1605149406732
2.484472,1605149406835
2.4390242,1605149406938
1.8404908,1605149407041
1.8518518,1605149407144
4.2424245,1605149407247
3.030303,1605149407350
0.621118,1605149407454
4.191617,1605149407556
0.621118,1605149407660
2.4390242,1605149407763
3.0120482,1605149407866
4.2944784,1605149407969
2.4691358,1605149408072
3.6809816,1605149408175
3.5928144,1605149408278
1.8404908,1605149408381
0.625,1605149408485
3.0120482,1605149408588
2.4691358,1605149408691
6.097561,1605149408794
1.8518518,1605149408897
3.6363635,1605149409000
2.4691358,1605149409103
1.8404908,1605149409206
5.4545455,1605149409309
0.61728394,1605149409413
3.7500002,1605149409516
3.0487804,1605149409619
3.6585364,1605149409722
1.2345679,1605149409825
4.191617,1605149409928
4.8780484,1605149410031
3.0674846,1605149410134
1.8404908,1605149410237
3.0864198,1605149410340
1.2195121,1605149410444
3.0487804,1605149410547
2.9761906,1605149410651
3.6585364,1605149410753
1.8181818,1605149410856
1.2195121,1605149410960
0.6134969,1605149411063
1.8181818,1605149411166
3.0674846,1605149411269
1.2195121,1605149411372
3.0487804,1605149411475
3.0487804,1605149411578
4.2424245,1605149411681
1.2121211,1605149411785
3.0487804,1605149411888
6.134969,1605149411991
7.317073,1605149412094
9.81595,1605149412197
10.909091,1605149412300
8.433735,1605149412403
1.2269938,1605149412507
3.0487804,1605149412609
1.25,1605149412712
2.5316455,1605149412815
2.4539876,1605149412918
3.0864198,1605149413021
1.8633541,1605149413124
2.4390242,1605149413227
6.097561,1605149413330
1.2345679,1605149413433
3.10559,1605149413536
8.333334,1605149413639
2.4390242,1605149413742
1.8518518,1605149413845
1.2269938,1605149413948
4.2424245,1605149414051
1.8404908,1605149414154
4.8484845,1605149414257
5.625,1605149414360
13.580246,1605149414463
11.801242,1605149414566
7.9268293,1605149414670
8.433735,1605149414773
11.656442,1605149414878
9.467456,1605149414981
1.8633541,1605149415084
3.0487804,1605149415187
1.7857144,1605149415293
4.2424245,1605149415396
3.0674846,1605149415499
11.042945,1605149415602
6.790123,1605149415705
11.180124,1605149415809
5.421687,1605149415912
6.7073174,1605149416015
9.146341,1605149416118
1.25,1605149416221
3.030303,1605149416324
1.8518518,1605149416427
3.6585364,1605149416530
3.6585364,1605149416633
14.012739,1605149416738
21.794872,1605149416841
9.202455,1605149416944
15.432098,1605149417047
8.536586,1605149417150
9.876543,1605149417253
17.28395,1605149417356
12.269938,1605149417459
10.126582,1605149417562
9.31677,1605149417665
5.0314465,1605149417768
15.243903,1605149417872
5.5214725,1605149417975
9.937888,1605149418078
14.02439,1605149418181
4.375,1605149418285
12.578617,1605149418388
7.97546,1605149418491
10.843374,1605149418594
7.9268293,1605149418697
14.11043,1605149418800
10.909091,1605149418903
11.585366,1605149419008
18.292683,1605149419112
15.060242,1605149419216
12.883435,1605149419319
16.86747,1605149419422
16.071428,1605149419526
12.578617,1605149419629
6.410257,1605149419732
12.962963,1605149419835
18.292683,1605149419938
10.909091,1605149420041
8.641975,1605149420144
14.970059,1605149420247
12.5,1605149420350
13.095239,1605149420453
10.126582,1605149420556
20.809248,1605149420659
9.146341,1605149420762
12.727272,1605149420867
18.518518,1605149420970
11.320755,1605149421073
4.907975,1605149421176
12.883435,1605149421279
11.801242,1605149421382
7.0512824,1605149421485
12.57485,1605149421588
32.317074,1605149421692
10.909091,1605149421795
16.969698,1605149421898
15.72327,1605149422001
9.259259,1605149422104
18.709677,1605149422207
19.393938,1605149422311
15.923567,1605149422414
14.45783,1605149422518
10.365853,1605149422621
18.238993,1605149422724
22.435898,1605149422827
10.059172,1605149422930
15.662651,1605149423033
20.625,1605149423136
15.151516,1605149423240
15.757576,1605149423343
15.95092,1605149423446
22.093023,1605149423549
16.049381,1605149423652
15.853659,1605149423756
14.11043,1605149423860
22.5,1605149423963
8.641975,1605149424067
25,1605149424170
28.57143,1605149424273
3.7735848,1605149424376
26.82927,1605149424480
29.677418,1605149424583
12.57485,1605149424686
19.10828,1605149424789
26.993864,1605149424894
31.0559,1605149424998
30.625,1605149425101
20.37037,1605149425204
22.839506,1605149425307
16.149067,1605149425410
16.766468,1605149425515
28.484848,1605149425617
20.359282,1605149425721
8.641975,1605149425824
25.477707,1605149425927
31.0559,1605149426030
15.662651,1605149426133
27.8481,1605149426236
35.897438,1605149426340
14.45783,1605149426443
21.556885,1605149426546
13.414635,1605149426651
32.121212,1605149426754
23.92638,1605149426858
13.414635,1605149426961
33.962265,1605149427064
28.481012,1605149427167
12.727272,1605149427270
29.696972,1605149427373
33.116882,1605149427476
13.095239,1605149427579
23.602484,1605149427682
23.636364,1605149427793
32.738094,1605149427896
26.993864,1605149427999
18.012423,1605149428102
36.942677,1605149428206
21.935484,1605149428309
5.5214725,1605149428412
23.125,1605149428515
22.981367,1605149428618
17.28395,1605149428722
43.030304,1605149428826
26.708075,1605149428929
16.025642,1605149429033
31.137726,1605149429136
18.292683,1605149429239
38.036808,1605149429343
34.756096,1605149429446
8.588957,1605149429549
35.44304,1605149429652
34.355827,1605149429757
20.833332,1605149429860
25.625,1605149429964
24.848484,1605149430067
35.714287,1605149430170
28.04878,1605149430274
6.134969,1605149430377
25.465837,1605149430480
23.456789,1605149430583
11.9760475,1605149430686
32.704403,1605149430789
31.707317,1605149430892
33.544304,1605149430995
32.704403,1605149431098
19.6319,1605149431202
29.62963,1605149431305
36.708862,1605149431408
37.80488,1605149431511
34.375,1605149431614
21.604939,1605149431718
22.360249,1605149431821
28.104576,1605149431924
20.121952,1605149432027
32.911392,1605149432130
35.44304,1605149432233
9.090909,1605149432336
21.794872,1605149432439
24.203821,1605149432544
12.269938,1605149432648
39.490448,1605149432751
33.333336,1605149432855
50,1605149432959
46.58385,1605149433064
14.371258,1605149433167
28.20513,1605149433270
42.5,1605149433374
27.60736,1605149433478
63.398697,1605149433581
20.37037,1605149433684
22.424242,1605149433787
43.292683,1605149433891
26.875002,1605149433995
63.25301,1605149434098
31.875,1605149434202
14.723927,1605149434305
30.06135,1605149434409
34.5679,1605149434512
35.365852,1605149434615
48,1605149434719
31.325302,1605149434822
31.90184,1605149434925
33.333336,1605149435031
39.506172,1605149435134
47.826088,1605149435237
45.91195,1605149435340
40.243904,1605149435444
32.911392,1605149435547
18.90244,1605149435650
46.341465,1605149435753
46.496815,1605149435857
66.037735,1605149435961
44.252872,1605149436072
23.312883,1605149436176
30.434782,1605149436280
34.782608,1605149436383
23.92638,1605149436487
48.75,1605149436591
49.39759,1605149436696
19.25466,1605149436799
29.813665,1605149436902
23.602484,1605149437006
43.292683,1605149437110
52.499996,1605149437214
61.11111,1605149437319
39.130436,1605149437423
31.515152,1605149437526
18.40491,1605149437629
42.207794,1605149437732
38.414635,1605149437835
52.83019,1605149437938
54.93827,1605149438042
22.360249,1605149438145
26.282051,1605149438248
33.73494,1605149438354
46.54088,1605149438459
49.68944,1605149438562
63.580246,1605149438666
28.834354,1605149438769
35.031845,1605149438872
20.496895,1605149438976
38.709675,1605149439079
48.17073,1605149439182
41.358025,1605149439287
68.35443,1605149439391
32.51534,1605149439495
22.222223,1605149439598
31.44654,1605149439701
38.21656,1605149439806
46.42857,1605149439909
69.07895,1605149440012
37.037037,1605149440116
36.645966,1605149440219
34.177216,1605149440324
38.88889,1605149440427
55.757576,1605149440530
49.685535,1605149440634
50.931675,1605149440738
31.0559,1605149440841
24.539877,1605149440944
31.012657,1605149441047
46.625767,1605149441151
36.774193,1605149441255
70.30303,1605149441358
35.185184,1605149441461
25.786165,1605149441565
23.89937,1605149441668
32.121212,1605149441773
40.718563,1605149441877
49.079754,1605149441981
49.079754,1605149442085
38.99371,1605149442188
18.63354,1605149442291
27.777779,1605149442394
38.271606,1605149442498
31.0559,1605149442601
55.48387,1605149442705
51.785713,1605149442814
57.66871,1605149442918
37.724552,1605149443021
25.625,1605149443124
26.249998,1605149443227
44.3038,1605149443331
41.509434,1605149443434
72.121216,1605149443538
42.944786,1605149443641
21.118011,1605149443744
30.246914,1605149443847
34.68208,1605149443963
36.363636,1605149444066
50,1605149444170
54.87805,1605149444274
44.025154,1605149444377
29.012346,1605149444481
20.382166,1605149444584
47.13376,1605149444687
42.331287,1605149444792
66.459625,1605149444895
50.617283,1605149444998
28.481012,1605149445101
25.324675,1605149445205
29.192547,1605149445308
43.037975,1605149445411
36.708862,1605149445516
68.9441,1605149445619
39.8773,1605149445722
29.374998,1605149445826
24.848484,1605149445929
44.444447,1605149446034
47.272728,1605149446137
51.552795,1605149446241
51.53374,1605149446346
26.219511,1605149446449
25,1605149446553
24.539877,1605149446656
38.271606,1605149446759
38.75,1605149446863
55.487804,1605149446968
54.71698,1605149447071
34.16149,1605149447174
23.602484,1605149447277
33.962265,1605149447382
51.785713,1605149447487
40.880505,1605149447590
64.02439,1605149447693
33.540375,1605149447797
26.219511,1605149447900
34.355827,1605149448003
42.5,1605149448107
32.911392,1605149448210
71.686745,1605149448313
36.708862,1605149448416
27.777779,1605149448519
26.623377,1605149448623
42.514973,1605149448726
40.625,1605149448829
62.732918,1605149448933
41.975307,1605149449036
26.54321,1605149449139
23.952095,1605149449243
35.802467,1605149449346
43.670887,1605149449449
42.236023,1605149449553
66.037735,1605149449656
32.317074,1605149449759
29.48718,1605149449862
34.33735,1605149449966
41.55844,1605149450069
43.137257,1605149450173
60.7362,1605149450277
30.722893,1605149450380
30.769232,1605149450484
22.5,1605149450587
42.138367,1605149450690
44.242424,1605149450793
60.493828,1605149450896
44.186047,1605149451001
24.683544,1605149451104
21.604939,1605149451207
41.358025,1605149451311
35.151516,1605149451415
60.240967,1605149451518
46.951218,1605149451621
25.641027,1605149451724
27.329191,1605149451828
41.40127,1605149451932
37.037037,1605149452035
55.921055,1605149452139
53.04878,1605149452243
29.62963,1605149452347
28.484848,1605149452450
35.58282,1605149452555
44.512196,1605149452658
56.626503,1605149452762
51.57233,1605149452866
31.0559,1605149452969
21.118011,1605149453072
36.875,1605149453177
43.292683,1605149453280
48.75,1605149453384
63.636364,1605149453487
25.786165,1605149453590
23.780487,1605149453693
25.465837,1605149453797
18.75,1605149453900
22.5,1605149454004
24.561403,1605149454119
38.8535,1605149454223
39.39394,1605149454326
60.843372,1605149454431
66.87117,1605149454535
52.79503,1605149454640
32.07547,1605149454744
26.060604,1605149454848
43.55828,1605149454951
43.125,1605149455054
47.7707,1605149455158
77.97619,1605149455262
33.125,1605149455366
30.06135,1605149455469
24.840765,1605149455572
38.88889,1605149455675
45.679012,1605149455779
58.895706,1605149455883
50.306747,1605149455986
31.25,1605149456089
24.840765,1605149456192
31.90184,1605149456296
35.403725,1605149456399
43.292683,1605149456502
39.506172,1605149456605
56.41026,1605149456708
50,1605149456813
31.927711,1605149456916
24.528303,1605149457019
30.379745,1605149457123
39.506172,1605149457226
38.036808,1605149457329
51.94805,1605149457433
64.84848,1605149457537
38.323357,1605149457640
25.157234,1605149457744
24.390244,1605149457848
44.585987,1605149457952
38.414635,1605149458055
43.975906,1605149458165
65.4321,1605149458269
41.317364,1605149458372
23.56688,1605149458475
26.875002,1605149458578
34.591194,1605149458683
49.101795,1605149458786
43.55828,1605149458890
69.938644,1605149458993
42.948715,1605149459098
25.153374,1605149459201
26.086956,1605149459304
40,1605149459411
43.85965,1605149459514
55.307262,1605149459627
52.83019,1605149459731
26.875002,1605149459834
31.875,1605149459937
23.27044,1605149460040
40,1605149460144
43.670887,1605149460248
65.4321,1605149460352
48.148148,1605149460456
26.38037,1605149460559
20.2454,1605149460662
41.463413,1605149460765
43.589745,1605149460869
32.121212,1605149460972
75.15528,1605149461076
36.024845,1605149461180
29.012346,1605149461283
26.54321,1605149461386
33.75,1605149461489
40,1605149461593
47.16981,1605149461697
53.7037,1605149461800
36.094673,1605149461911
24.683544,1605149462014
25.76687,1605149462117
41.358025,1605149462222
40.588234,1605149462326
60.23392,1605149462436
50,1605149462539
25,1605149462642
33.540375,1605149462746
21.118011,1605149462849
37.97468,1605149462952
46.060608,1605149463056
48.125,1605149463160
68.78981,1605149463263
33.333336,1605149463366
20.754717,1605149463469
30.57325,1605149463572
42.331287,1605149463677
35.365852,1605149463780
65.644165,1605149463883
44.444447,1605149463987
33.75,1605149464090
25.609756,1605149464194
41.13924,1605149464297
46.794872,1605149464400
58.024693,1605149464504
46.951218,1605149464607
28.57143,1605149464710
22.981367,1605149464815
49.056606,1605149464919
42.331287,1605149465022
21.875,1605149465125
28.75,1605149465229
20.12987,1605149465332
50,1605149465436
93.3735,1605149465540
53.65854,1605149465643
31.137726,1605149465747
19.25466,1605149465850
17.72152,1605149465954
32.911392,1605149466057
15.822784,1605149466160
24.683544,1605149466263
22.012577,1605149466366
16.56051,1605149466469
27.160492,1605149466572
20.2454,1605149466676
18.518518,1605149466779
28.846153,1605149466882
18.518518,1605149466985
22.360249,1605149467089
25.316456,1605149467193
19.6319,1605149467297
28.20513,1605149467400
35.58282,1605149467504
41.91617,1605149467608
57.317074,1605149467712
47.530865,1605149467815
45,1605149467918
35.185184,1605149468022
37.654324,1605149468125
34.591194,1605149468229
27.272728,1605149468332
37.037037,1605149468435
50.31447,1605149468538
54.545456,1605149468641
61.935486,1605149468744
60.365856,1605149468848
34.355827,1605149468951
33.95062,1605149469054
29.87805,1605149469157
44.3038,1605149469261
57.5419,1605149469370
77.8481,1605149469473
48.53801,1605149469582
36.024845,1605149469686
20.987654,1605149469790
30.128204,1605149469894
30.909092,1605149469998
36.645966,1605149470103
52.14724,1605149470206
37.341774,1605149470309
39.102562,1605149470413
70.625,1605149470516
46.01227,1605149470620
39.375,1605149470723
28.22086,1605149470826
20,1605149470930
33.333336,1605149471034
41.07143,1605149471137
42.67516,1605149471240
46.625767,1605149471344
64.670654,1605149471450
68.32298,1605149471554
40.4908,1605149471657
22.64151,1605149471760
33.742332,1605149471864
20,1605149471967
37.423313,1605149472070
46.875,1605149472174
40.4908,1605149472277
58.49057,1605149472381
56.213017,1605149472488
40.853657,1605149472591
36.585365,1605149472694
21.518988,1605149472797
25.625,1605149472901
33.75,1605149473004
42.580647,1605149473108
53.797466,1605149473212
23.376623,1605149473316
55.617977,1605149473426
67.92453,1605149473529
35.802467,1605149473632
26.38037,1605149473735
31.44654,1605149473838
19.6319,1605149473942
51.57233,1605149474045
59.74843,1605149474149
52.83019,1605149474252
58.282207,1605149474356
70.731705,1605149474460
52.469135,1605149474563
52.173912,1605149474666
34.591194,1605149474770
40.123455,1605149474873
51.875,1605149474976
51.219513,1605149475079
59.006214,1605149475183
62.732918,1605149475287
40.99379,1605149475390
29.192547,1605149475494
22.891565,1605149475597
20.382166,1605149475700
26.993864,1605149475803
46.58385,1605149475908
46.38554,1605149476012
64.375,1605149476116
50.31447,1605149476219
33.95062,1605149476323
24.539877,1605149476426
29.447853,1605149476529
39.2638,1605149476632
45.73171,1605149476736
48.235294,1605149476844
71.084335,1605149476948
35.757576,1605149477051
32.51534,1605149477155
19.620253,1605149477258
29.012346,1605149477362
50.92025,1605149477466
35.928146,1605149477570
73.44633,1605149477683
47.5,1605149477787
25.625,1605149477890
32.298134,1605149477993
33.333336,1605149478097
43.125,1605149478201
43.975906,1605149478304
60.625,1605149478408
46.625767,1605149478511
25.465837,1605149478614
23.312883,1605149478718
43.949043,1605149478821
38.36478,1605149478925
54.658382,1605149479028
51.923077,1605149479132
26.666668,1605149479236
33.540375,1605149479339
24.223602,1605149479443
37.037037,1605149479546
47.5,1605149479650
48.192772,1605149479760
61.728394,1605149479865
33.125,1605149479968
24.40476,1605149480072
28.387096,1605149480175
45.962734,1605149480280
34.33735,1605149480383
71.42857,1605149480486
37.5,1605149480590
24.074074,1605149480693
27.5,1605149480796
39.375,1605149480899
47.13376,1605149481002
57.40741,1605149481106
60.000004,1605149481209
40.123455,1605149481313
21.383648,1605149481416
23.89937,1605149481519
43.90244,1605149481622
34.415585,1605149481725
57.14286,1605149481829
56.329113,1605149481932
30.487806,1605149482035
26.875002,1605149482138
18.63354,1605149482241
37.8882,1605149482346
46.625767,1605149482449
45.03311,1605149482552
61.874996,1605149482655
28.57143,1605149482759
24.539877,1605149482862
32.51534,1605149482965
38.607594,1605149483069
47.272728,1605149483172
72.22222,1605149483275
37.10692,1605149483379
36.419754,1605149483482
33.333336,1605149483585
54.375,1605149483690
45.679012,1605149483794
75.15528,1605149483897
51.923077,1605149484001
35.220127,1605149484104
29.374998,1605149484207
45.91195,1605149484310
51.20482,1605149484413
32.90323,1605149484517
79.518074,1605149484620
32.5,1605149484724
27.95031,1605149484827
27.8481,1605149484931
33.128834,1605149485034
47.402596,1605149485137
52.35294,1605149485247
52.173912,1605149485350
30.188679,1605149485455
20.512821,1605149485558
41.21212,1605149485661
41.772152,1605149485764
42.5,1605149485868
58.749996,1605149485971
27.215189,1605149486075
26.190477,1605149486178
36.875,1605149486281
40.74074,1605149486385
42.944786,1605149486489
73.417725,1605149486593
26.875002,1605149486696
28.930819,1605149486799
33.333336,1605149486903
40.25157,1605149487007
50.955414,1605149487110
59.5092,1605149487214
32.098763,1605149487317
27.044025,1605149487420
20.858896,1605149487523
50.602413,1605149487628
36.723164,1605149487738
69.09091,1605149487847
39.634148,1605149487952
20.37037,1605149488055
27.8481,1605149488158
47.096775,1605149488263
37.5,1605149488366
53.65854,1605149488469
30.434782,1605149488572
19.496855,1605149488675
38.88889,1605149488778
21.818182,1605149488881
27.672955,1605149488984
37.26708,1605149489088
42.236023,1605149489191
61.1465,1605149489295
66.459625,1605149489398
40.4908,1605149489502
37.17949,1605149489605
25.16129,1605149489710
47.023808,1605149489814
40.625,1605149489918
60.897434,1605149490023
36.419754,1605149490126
26.219511,1605149490229
24.358974,1605149490332
46.54088,1605149490437
33.536587,1605149490540
64.242424,1605149490644
41.21212,1605149490747
26.54321,1605149490850
29.374998,1605149490954
44.17178,1605149491057
44.720497,1605149491160
50.641026,1605149491264
56.626503,1605149491367
29.192547,1605149491470
24.528303,1605149491573
33.333336,1605149491676
46.42857,1605149491784
50.289017,1605149491895
56.09756,1605149492003
31.288343,1605149492107
21.875,1605149492211
36.708862,1605149492314
46.666668,1605149492418
54.80226,1605149492530
59.14634,1605149492633
29.012346,1605149492737
22.560974,1605149492840
35.44304,1605149492943
46.496815,1605149493047
54.658382,1605149493151
56.329113,1605149493254
23.780487,1605149493357
25.465837,1605149493460
33.125,1605149493563
39.634148,1605149493667
41.25,1605149493770
60.897434,1605149493873
31.875,1605149493977
30.303032,1605149494080
24.581007,1605149494197
49.7006,1605149494301
43.670887,1605149494404
61.874996,1605149494509
35.542168,1605149494612
25.786165,1605149494716
21.153847,1605149494820
46.58385,1605149494924
36.144577,1605149495035
68.92655,1605149495139
39.490448,1605149495242
24.528303,1605149495345
27.777779,1605149495448
46.666668,1605149495552
35.802467,1605149495656
53.41615,1605149495759
31.48148,1605149495863
32.51534,1605149495966
37.341774,1605149496069
26.415094,1605149496172
46.296295,1605149496276
37.423313,1605149496379
63.190186,1605149496484
47.204967,1605149496587
25.316456,1605149496691
25.625,1605149496794
40.99379,1605149496897
38.961037,1605149497000
57.763977,1605149497103
50,1605149497207
27.160492,1605149497310
27.672955,1605149497413
36.25,1605149497517
40.99379,1605149497620
65.4321,1605149497724
50.617283,1605149497827
27.044025,1605149497930
26.38037,1605149498033
42.592594,1605149498137
42.138367,1605149498240
57.954544,1605149498347
41.80791,1605149498462
29.090908,1605149498565
22.699387,1605149498669
37.341774,1605149498773
41.614906,1605149498876
55.757576,1605149498981
53.29341,1605149499085
22.839506,1605149499189
26.219511,1605149499293
38.064514,1605149499397
41.717793,1605149499500
51.20482,1605149499604
58.024693,1605149499707
25.465837,1605149499811
30.379745,1605149499914
30.246914,1605149500019
47.468357,1605149500122
35.220127,1605149500226
67.08075,1605149500329
38.8535,1605149500432
25.465837,1605149500536
23.602484,1605149500639
43.312103,1605149500744
40.4908,1605149500848
63.125004,1605149500953
35.66879,1605149501056
21.604939,1605149501160
29.447853,1605149501263
46.01227,1605149501367
40.74074,1605149501470
25.641027,1605149501573
17.610064,1605149501676
22.222223,1605149501779
49.382717,1605149501883
87.42138,1605149501987
58.181816,1605149502090
24.223602,1605149502194
19.10828,1605149502298
25.301207,1605149502401
17.72152,1605149502504
20.625,1605149502608
22.699387,1605149502711
22.981367,1605149502814
19.620253,1605149502917
22.839506,1605149503020
23.125,1605149503123
21.153847,1605149503227
17.901234,1605149503331
20.987654,1605149503434
22.360249,1605149503537
26.993864,1605149503640
24.539877,1605149503743
26.54321,1605149503847
44.936707,1605149503950
42.944786,1605149504054
56.969696,1605149504159
64.77987,1605149504262
46.794872,1605149504366
34.659092,1605149504478
23.27044,1605149504581
30.246914,1605149504685
45.962734,1605149504788
46.54088,1605149504893
62.721897,1605149504997
55.757576,1605149505100
44.09938,1605149505205
26.993864,1605149505308
25.625,1605149505411
29.936304,1605149505514
44.17178,1605149505617
45,1605149505722
67.2619,1605149505826
55.974842,1605149505929
42.405064,1605149506033
25.925926,1605149506136
26.666668,1605149506239
26.162792,1605149506352
44.230766,1605149506456
50.887573,1605149506561
53.08642,1605149506665
58.709675,1605149506770
55.95238,1605149506874
33.742332,1605149506977
24.683544,1605149507080
28.22086,1605149507184
30.674849,1605149507288
54.320984,1605149507391
44.09938,1605149507495
43.90244,1605149507598
73.125,1605149507703
44.785275,1605149507806
24.528303,1605149507909
28.75,1605149508013
25.153374,1605149508116
29.55975,1605149508220
51.219513,1605149508324
35.802467,1605149508427
44.186047,1605149508540
55.90062,1605149508643
30.674849,1605149508748
36.419754,1605149508852
27.8481,1605149508956
25.465837,1605149509059
30.722893,1605149509162
23.89937,1605149509265
41.44737,1605149509369
52.90322,1605149509473
38.414635,1605149509576
62.82051,1605149509681
67.5,1605149509784
41.358025,1605149509888
27.329191,1605149509991
26.415094,1605149510094
23.92638,1605149510197
32.098763,1605149510302
44.848484,1605149510405
40.25157,1605149510509
53.04878,1605149510612
50.303032,1605149510717
42.405064,1605149510820
25.157234,1605149510925
27.672955,1605149511028
22.981367,1605149511131
24.390244,1605149511234
33.95062,1605149511341
47.85276,1605149511445
39.506172,1605149511549
53.41615,1605149511653
69.09091,1605149511757
43.975906,1605149511860
27.741936,1605149511963
28.301886,1605149512067
27.044025,1605149512170
45.06173,1605149512273
46.58385,1605149512376
41.975307,1605149512479
66.25767,1605149512584
37.349396,1605149512687
28.301886,1605149512790
23.602484,1605149512893
32.27848,1605149512997
47.468357,1605149513101
36.645966,1605149513204
70.30303,1605149513308
48.80952,1605149513411
30.625,1605149513514
23.89937,1605149513617
31.21019,1605149513722
49.704144,1605149513825
31.67702,1605149513929
52.866245,1605149514032
60.365856,1605149514136
29.012346,1605149514239
25.308641,1605149514342
31.515152,1605149514448
48.17073,1605149514552
41.317364,1605149514656
53.41615,1605149514760
59.281437,1605149514863
32.911392,1605149514966
23.312883,1605149515069
28.75,1605149515172
46.54088,1605149515275
47.741936,1605149515379
67.07317,1605149515482
36.585365,1605149515585
25.157234,1605149515688
26.751593,1605149515792
33.742332,1605149515895
47.272728,1605149515998
33.333336,1605149516102
79.245285,1605149516206
41.975307,1605149516310
22.1519,1605149516413
23.56688,1605149516516
40.123455,1605149516619
35.849056,1605149516723
35.48387,1605149516826
54.375,1605149516930
33.536587,1605149517033
37.97468,1605149517136
33.73494,1605149517240
45.333336,1605149517343
41.317364,1605149517446
62.96296,1605149517549
36.477985,1605149517652
23.170732,1605149517756
25.308641,1605149517859
32.07547,1605149517962
41.463413,1605149518066
43.55828,1605149518170
60.843372,1605149518277
33.939396,1605149518380
23.27044,1605149518483
22.839506,1605149518587
35.48387,1605149518690
45.679012,1605149518794
53.7037,1605149518897
41.935482,1605149519001
39.751553,1605149519104
26.993864,1605149519207
27.92208,1605149519311
45.454548,1605149519415
34.375,1605149519519
66.87117,1605149519622
41.25,1605149519726
26.415094,1605149519829
23.717949,1605149519933
43.037975,1605149520036
38.75,1605149520140
52.727272,1605149520244
53.45912,1605149520347
29.090908,1605149520452
22.360249,1605149520556
37.82051,1605149520660
48.076923,1605149520763
39.2638,1605149520867
69.51219,1605149520971
33.540375,1605149521074
22.560974,1605149521177
20.125786,1605149521281
24.223602,1605149521384
25.477707,1605149521487
27.160492,1605149521590
48.407642,1605149521693
41.614906,1605149521797
75,1605149521906
51.17647,1605149522010
29.374998,1605149522114
26.708075,1605149522217
41.875,1605149522321
42.168674,1605149522424
60.509556,1605149522527
45.28302,1605149522632
25,1605149522735
25.308641,1605149522838
35.625,1605149522942
43.82716,1605149523045
54.430378,1605149523149
74.68355,1605149523253
46.341465,1605149523356
35.802467,1605149523459
25.903616,1605149523562
37.349396,1605149523666
46.70659,1605149523770
43.670887,1605149523874
68.9441,1605149523977
31.21019,1605149524080
25.308641,1605149524183
26.708075,1605149524287
39.240505,1605149524390
45.73171,1605149524493
54.487183,1605149524597
67.07317,1605149524701
31.90184,1605149524804
24.375,1605149524907
25.465837,1605149525010
28.125,1605149525113
44.155846,1605149525216
44.09938,1605149525320
63.291138,1605149525424
42.857143,1605149525527
24.183006,1605149525630
27.5,1605149525733
33.116882,1605149525836
43.82716,1605149525939
51.497005,1605149526043
61.935486,1605149526148
30.06135,1605149526251
26.993864,1605149526354
28.04878,1605149526458
46.01227,1605149526561
43.55828,1605149526664
47.435898,1605149526769
32.317074,1605149526872
28.834354,1605149526976
33.544304,1605149527080
47.530865,1605149527184
40.4908,1605149527287
61.349697,1605149527391
46.629215,1605149527506
30.06135,1605149527609
24.203821,1605149527712
36.25,1605149527815
44.578316,1605149527918
38.036808,1605149528022
66.66667,1605149528126
29.62963,1605149528229
26.415094,1605149528332
25.301207,1605149528437
40.50633,1605149528541
40.625,1605149528645
65.66265,1605149528748
36.526947,1605149528851
25.925926,1605149528955
23.89937,1605149529058
42.07317,1605149529162
42.67516,1605149529265
56.521736,1605149529369
48.125,1605149529472
26.875002,1605149529575
23.456789,1605149529678
37.26708,1605149529783
41.25,1605149529886
55.757576,1605149529990
52.83019,1605149530094
22.1519,1605149530197
25.157234,1605149530302
38.235294,1605149530407
39.751553,1605149530511
59.006214,1605149530616
45.238094,1605149530719
25.625,1605149530822
23.125,1605149530926
33.95062,1605149531029
47.16981,1605149531132
37.423313,1605149531237
64.77987,1605149531341
34.131737,1605149531444
24.074074,1605149531547
25,1605149531651
40.25974,1605149531754
40.963856,1605149531858
56.329113,1605149531962
45.12195,1605149532065
28.04878,1605149532168
24.223602,1605149532271
24.074074,1605149532375
40,1605149532479
37.125748,1605149532582
59.25926,1605149532686
50.898205,1605149532789
27.044025,1605149532892
24.84472,1605149532995
34.355827,1605149533099
43.292683,1605149533202
46.296295,1605149533306
55.624996,1605149533409
32.727272,1605149533512
24.528303,1605149533615
28.22086,1605149533718
44.585987,1605149533821
39.74359,1605149533925
61.676643,1605149534029
37.64706,1605149534133
23.89937,1605149534236
30.674849,1605149534340
38.36478,1605149534444
36.942677,1605149534547
60.75949,1605149534652
37.80488,1605149534755
24.528303,1605149534858
26.82927,1605149534962
44.51613,1605149535066
32.911392,1605149535171
67.07317,1605149535275
36.80982,1605149535378
22.78481,1605149535482
26.82927,1605149535585
36.942677,1605149535689
42.168674,1605149535793
65.18987,1605149535901
37.73585,1605149536004
27.5,1605149536108
23.89937,1605149536211
37.654324,1605149536315
41.21212,1605149536423
60.946743,1605149536527
45.679012,1605149536630
27.878788,1605149536733
20.496895,1605149536836
41.509434,1605149536940
43.292683,1605149537043
58.59873,1605149537147
37.341774,1605149537250
25.76687,1605149537354
31.25,1605149537457
53.750004,1605149537561
22.839506,1605149537664
25.625,1605149537767
22.360249,1605149537871
27.60736,1605149537974
73.17073,1605149538078
75.46012,1605149538181
28.481012,1605149538284
21.893492,1605149538390
26.54321,1605149538493
30.434782,1605149538596
26.249998,1605149538699
21.518988,1605149538802
21.656052,1605149538906
21.118011,1605149539009
22.292994,1605149539112
24.050634,1605149539215
19.6319,1605149539318
26.219511,1605149539421
19.496855,1605149539524
19.496855,1605149539627
29.55975,1605149539730
24.074074,1605149539834
27.160492,1605149539937
47.826088,1605149540040
39.506172,1605149540143
73.91304,1605149540248
61.077847,1605149540354
34.615387,1605149540457
28.025478,1605149540560
24.074074,1605149540663
31.645569,1605149540767
52.469135,1605149540871
48.79518,1605149540974
71.16564,1605149541078
53.37423,1605149541182
36.585365,1605149541285
25.316456,1605149541388
26.666668,1605149541493
33.125,1605149541598
42.857143,1605149541701
38.21656,1605149541804
67.46988,1605149541907
66.87117,1605149542011
41.875,1605149542114
27.54491,1605149542219
24.528303,1605149542322
29.87805,1605149542425
47.16981,1605149542529
44.848484,1605149542632
54.140125,1605149542737
62.96296,1605149542840
52.439022,1605149542943
35.975613,1605149543048
26.219511,1605149543152
29.192547,1605149543255
27.95031,1605149543359
39.2638,1605149543464
55.555557,1605149543567
31.90184,1605149543670
58.928574,1605149543774
63.190186,1605149543878
39.506172,1605149543981
26.086956,1605149544085
28.025478,1605149544188
25.301207,1605149544291
49.375,1605149544394
48.407642,1605149544498
38.787876,1605149544602
72.90323,1605149544707
45.341614,1605149544810
31.707317,1605149544913
27.672955,1605149545016
25.316456,1605149545120
52.662724,1605149545224
45.06173,1605149545327
47.530865,1605149545431
76.36363,1605149545537
37.575756,1605149545640
30.434782,1605149545744
26.993864,1605149545847
32.727272,1605149545951
54.658382,1605149546054
34.523808,1605149546164
68.09816,1605149546267
54.037266,1605149546371
24.358974,1605149546474
27.60736,1605149546577
31.645569,1605149546681
45.294117,1605149546785
46.496815,1605149546890
66.66667,1605149546993
36.419754,1605149547096
27.95031,1605149547200
26.219511,1605149547303
28.22086,1605149547406
48.765434,1605149547510
41.717793,1605149547613
68.589745,1605149547716
43.396225,1605149547819
26.249998,1605149547923
24.223602,1605149548027
35.185184,1605149548132
45.18072,1605149548235
44.04762,1605149548342
61.490685,1605149548446
30.769232,1605149548549
29.746836,1605149548652
24.550898,1605149548755
46.451614,1605149548859
36.419754,1605149548962
53.714287,1605149549070
57.228916,1605149549174
26.249998,1605149549277
23.89937,1605149549380
26.249998,1605149549483
33.75,1605149549587
50.31056,1605149549690
31.67702,1605149549793
74.53416,1605149549897
40.123455,1605149550000
23.456789,1605149550104
27.439026,1605149550207
42.261906,1605149550314
36.19632,1605149550417
58.59873,1605149550520
50.617283,1605149550623
31.012657,1605149550726
26.219511,1605149550830
28.125,1605149550933
42.857143,1605149551036
38.75,1605149551140
60.7362,1605149551244
37.80488,1605149551348
25.454544,1605149551451
27.329191,1605149551555
43.75,1605149551659
36.144577,1605149551762
52.79503,1605149551869
54.320984,1605149551972
29.192547,1605149552075
27.439026,1605149552179
24.84472,1605149552282
43.47826,1605149552385
37.037037,1605149552489
62.17949,1605149552593
48.780487,1605149552697
25.609756,1605149552800
23.456789,1605149552903
25.157234,1605149553007
43.90244,1605149553110
37.341774,1605149553214
43.589745,1605149553318
64.15094,1605149553422
35,1605149553525
27.95031,1605149553629
26.993864,1605149553732
39.622643,1605149553835
38.650307,1605149553939
57.055218,1605149554042
56.804733,1605149554150
27.777779,1605149554254
28.04878,1605149554359
36.969696,1605149554463
48.780487,1605149554566
40.99379,1605149554669
59.74843,1605149554774
36.419754,1605149554877
27.044025,1605149554980
21.875,1605149555084
38.271606,1605149555187
44.3038,1605149555290
53.892212,1605149555394
55.90062,1605149555497
24.203821,1605149555601
26.086956,1605149555704
26.415094,1605149555807
39.2638,1605149555911
41.25,1605149556015
60.35503,1605149556121
66.037735,1605149556225
31.578945,1605149556337
22.1519,1605149556440
38.50932,1605149556544
42.331287,1605149556647
52.14724,1605149556750
55.414017,1605149556853
26.58228,1605149556956
25.925926,1605149557060
38.787876,1605149557163
43.75,1605149557266
52.35294,1605149557375
60.248447,1605149557478
30.487806,1605149557581
25.786165,1605149557684
32.704403,1605149557788
44.720497,1605149557891
35.849056,1605149557994
64.375,1605149558097
32.911392,1605149558200
27.777779,1605149558306
24.074074,1605149558409
44.025154,1605149558512
36.746986,1605149558615
58.641975,1605149558719
34.394905,1605149558822
22.222223,1605149558925
35,1605149559029
41.614906,1605149559132
41.13924,1605149559235
58.125,1605149559338
47.204967,1605149559441
25.786165,1605149559545
25.786165,1605149559648
39.102562,1605149559751
43.90244,1605149559855
51.592358,1605149559958
50.943398,1605149560061
28.57143,1605149560164
26.086956,1605149560268
36.19632,1605149560371
45.341614,1605149560474
50.955414,1605149560578
43.312103,1605149560682
31.48148,1605149560785
23.89937,1605149560888
42.331287,1605149560993
43.55828,1605149561097
56.44172,1605149561200
44.720497,1605149561304
26.38037,1605149561409
25.153374,1605149561512
42.948715,1605149561615
35.625,1605149561718
63.583817,1605149561826
46.01227,1605149561929
20.64516,1605149562033
24.683544,1605149562136
31.0559,1605149562241
46.70659,1605149562344
35.403725,1605149562448
65,1605149562552
35.403725,1605149562656
28.91566,1605149562759
24.539877,1605149562862
41.875,1605149562966
42.5,1605149563071
58.787876,1605149563177
37.97468,1605149563280
23.27044,1605149563383
25.308641,1605149563488
40.625,1605149563591
40.625,1605149563695
60.000004,1605149563799
35.365852,1605149563902
22.360249,1605149564005
35.66879,1605149564109
25.949368,1605149564212
23.780487,1605149564315
24.84472,1605149564418
27.60736,1605149564522
48.076923,1605149564625
44.871796,1605149564728
52.79503,1605149564831
43.225807,1605149564934
27.60736,1605149565037
34.19355,1605149565140
37.26708,1605149565244
35.625,1605149565347
46.625767,1605149565451
42.236023,1605149565554
59.49367,1605149565658
38.99371,1605149565761
23.75,1605149565866
24.117647,1605149565969
27.8481,1605149566073
47.85276,1605149566176
36.723164,1605149566288
68.711655,1605149566392
44.848484,1605149566496
28.930819,1605149566599
24.691359,1605149566702
25.157234,1605149566806
50,1605149566910
35.849056,1605149567013
50.641026,1605149567116
50.955414,1605149567220
31.645569,1605149567323
43.125,1605149567426
29.55975,1605149567529
30.864197,1605149567633
49.68944,1605149567736
34.782608,1605149567840
59.74843,1605149567945
53.896107,1605149568049
32.317074,1605149568152
28.22086,1605149568256
26.035503,1605149568364
41.975307,1605149568468
46.70659,1605149568572
51.829266,1605149568676
56.363636,1605149568779
31.09756,1605149568883
26.060604,1605149568986
25.465837,1605149569090
42.138367,1605149569193
41.772152,1605149569298
59.876545,1605149569402
46.296295,1605149569505
29.746836,1605149569609
27.60736,1605149569712
26.38037,1605149569815
50.318474,1605149569919
36.80982,1605149570023
74.39024,1605149570127
46.98795,1605149570230
23.780487,1605149570334
23.456789,1605149570438
37.73585,1605149570541
41.40127,1605149570645
38.99371,1605149570749
43.373497,1605149570852
44.3038,1605149570955
33.128834,1605149571058
24.375,1605149571161
26.249998,1605149571265
48.765434,1605149571369
35.220127,1605149571472
63.473053,1605149571577
49.390244,1605149571681
30.357143,1605149571786
27.272728,1605149571889
29.677418,1605149571992
47.59036,1605149572095
27.95031,1605149572200
73.006134,1605149572303
55.49133,1605149572416
44.3038,1605149572520
39.01099,1605149572635
57.594936,1605149572738
59.5092,1605149572842
54.430378,1605149572946
58.536583,1605149573050
34.355827,1605149573153
46.25,1605149573256
35.58282,1605149573360
46.625767,1605149573464
50.931675,1605149573568
50,1605149573671
74.07407,1605149573776
47.530865,1605149573881
33.532936,1605149573985
31.90184,1605149574089
44.512196,1605149574194
60.714287,1605149574297
32.298134,1605149574400
32.098763,1605149574504
29.374998,1605149574607
31.012657,1605149574710
69.51219,1605149574815
95.15151,1605149574919
73.71795,1605149575023
31.90184,1605149575127
30.434782,1605149575230
26.875002,1605149575333
29.55975,1605149575436
30.864197,1605149575540
28.04878,1605149575643
26.249998,1605149575746
22.1519,1605149575849
19.496855,1605149575952
23.75,1605149576055
21.383648,1605149576159
21.25,1605149576262
22.699387,1605149576366
18.40491,1605149576470
25.625,1605149576573
25.16129,1605149576676
20.754717,1605149576779
43.396225,1605149576882
40.880505,1605149576986
41.358025,1605149577089
54.304634,1605149577193
58.787876,1605149577298
50.595238,1605149577402
33.742332,1605149577505
25,1605149577608
24.203821,1605149577711
40.123455,1605149577816
43.712574,1605149577920
53.7037,1605149578023
62.26415,1605149578127
53.37423,1605149578232
37.575756,1605149578335
27.160492,1605149578438
23.89937,1605149578542
40.37267,1605149578645
45.22293,1605149578748
53.45912,1605149578852
71.604935,1605149578955
48.75,1605149579058
36.25,1605149579161
26.666668,1605149579264
25,1605149579368
33.75796,1605149579471
51.552795,1605149579574
48.466255,1605149579677
49.68944,1605149579780
58.97436,1605149579883
60.000004,1605149579987
36.363636,1605149580091
27.329191,1605149580194
27.160492,1605149580298
24.84472,1605149580401
46.296295,1605149580504
45.06173,1605149580607
40.37267,1605149580710
70.12195,1605149580814
60.625,1605149580922
42.767296,1605149581025
28.57143,1605149581128
26.249998,1605149581231
26.249998,1605149581334
34.591194,1605149581438
53.08642,1605149581542
40.4908,1605149581645
36.419754,1605149581749
85.53459,1605149581853
49.09091,1605149581957
30.635838,1605149582069
28.834354,1605149582173
25.903616,1605149582277
44.3038,1605149582381
53.205128,1605149582485
36.419754,1605149582589
68.78981,1605149582693
51.80723,1605149582797
34.545456,1605149582900
27.044025,1605149583003
26.82927,1605149583107
27.272728,1605149583210
49.696968,1605149583313
47.826088,1605149583416
42.138367,1605149583520
69.27711,1605149583623
42.857143,1605149583726
26.086956,1605149583830
27.329191,1605149583933
23.214285,1605149584043
43.023254,1605149584154
50,1605149584258
30.994152,1605149584372
73.125,1605149584476
50,1605149584590
28.301886,1605149584693
27.810652,1605149584802
20.125786,1605149584905
36.19632,1605149585008
46.296295,1605149585113
42.405064,1605149585217
71.951225,1605149585320
48.466255,1605149585424
30.188679,1605149585527
29.341316,1605149585630
26.54321,1605149585733
48.10127,1605149585836
34.5679,1605149585939
44.936707,1605149586043
63.694267,1605149586146
37.26708,1605149586249
26.58228,1605149586352
23.717949,1605149586456
48.466255,1605149586559
48.427673,1605149586662
41.509434,1605149586767
63.580246,1605149586871
37.80488,1605149586975
25.157234,1605149587078
27.564102,1605149587181
34.591194,1605149587284
49.06832,1605149587388
33.962265,1605149587492
71.604935,1605149587596
47.5,1605149587701
33.333336,1605149587804
32.5,1605149587908
42.682926,1605149588011
47.85276,1605149588115
35.542168,1605149588219
70.88608,1605149588322
44.720497,1605149588426
29.192547,1605149588529
24.528303,1605149588632
32.051285,1605149588737
46.625767,1605149588840
40.127388,1605149588944
68.09816,1605149589048
36.645966,1605149589152
30.06135,1605149589255
27.329191,1605149589358
27.777779,1605149589462
49.06832,1605149589566
36.875,1605149589670
70.731705,1605149589774
45.16129,1605149589877
27.329191,1605149589980
25.153374,1605149590085
27.60736,1605149590188
49.693253,1605149590292
40.4908,1605149590396
65.66265,1605149590500
55,1605149590605
29.62963,1605149590708
24.683544,1605149590812
21.875,1605149590915
46.83544,1605149591018
42.5,1605149591122
58.169937,1605149591226
54.487183,1605149591330
30.246914,1605149591433
23.75,1605149591537
38.99371,1605149591641
41.717793,1605149591744
60.11236,1605149591865
46.47059,1605149591968
24.223602,1605149592072
26.82927,1605149592175
28.395063,1605149592279
41.614906,1605149592382
46.01227,1605149592485
56.050957,1605149592589
59.5092,1605149592693
31.847134,1605149592797
25.465837,1605149592901
26.751593,1605149593004
47.85276,1605149593107
23.75,1605149593211
32.27848,1605149593315
62.1118,1605149593419
83.22981,1605149593524
47.530865,1605149593627
23.56688,1605149593730
22.222223,1605149593833
21.118011,1605149593937
23.125,1605149594040
21.118011,1605149594143
23.92638,1605149594246
19.375,1605149594349
20.625,1605149594453
29.940119,1605149594556
24.691359,1605149594659
27.5,1605149594763
47.560974,1605149594867
48.447205,1605149594970
54.375,1605149595074
63.35404,1605149595178
44.09938,1605149595283
30.674849,1605149595386
25.925926,1605149595489
24.375,1605149595592
40.37267,1605149595696
41.717793,1605149595799
46.625767,1605149595903
60.365856,1605149596015
61.627907,1605149596119
37.654324,1605149596222
22.1519,1605149596325
24.050634,1605149596428
27.329191,1605149596532
46.496815,1605149596636
36.585365,1605149596739
68.48485,1605149596843
56.521736,1605149596946
34.810127,1605149597049
24.375,1605149597152
27.044025,1605149597256
27.215189,1605149597366
51.136364,1605149597470
41.13924,1605149597573
40.25157,1605149597676
62.89308,1605149597780
38.650307,1605149597884
24.848484,1605149597987
29.696972,1605149598090
29.113924,1605149598194
42.948715,1605149598297
48.125,1605149598401
30.246914,1605149598505
56.57143,1605149598632
56.382977,1605149598736
31.927711,1605149598839
24.183006,1605149598942
26.415094,1605149599045
34.5679,1605149599150
49.382717,1605149599253
44.585987,1605149599356
56.60377,1605149599459
51.851852,1605149599563
33.333336,1605149599667
24.050634,1605149599770
29.113924,1605149599873
36.07595,1605149599977
49.696968,1605149600080
51.724136,1605149600192
59.49367,1605149600295
36.969696,1605149600398
29.447853,1605149600502
23.312883,1605149600606
38.650307,1605149600709
46.341465,1605149600812
34.177216,1605149600916
67.51592,1605149601020
50,1605149601123
30.487806,1605149601226
31.736526,1605149601329
23.602484,1605149601432
45.91195,1605149601537
39.285713,1605149601641
51.898735,1605149601757
64.83517,1605149601861
30.246914,1605149601964
28.395063,1605149602067
25.625,1605149602171
33.742332,1605149602275
50.931675,1605149602378
33.544304,1605149602482
75.79618,1605149602586
52.229298,1605149602689
26.143793,1605149602792
26.58228,1605149602895
25.609756,1605149602999
38.50932,1605149603102
50,1605149603205
50.955414,1605149603309
68.452385,1605149603413
43.396225,1605149603516
22.1519,1605149603620
27.160492,1605149603724
32.5,1605149603829
43.82716,1605149603933
30.769232,1605149604038
68.902435,1605149604142
38.88889,1605149604245
28.846153,1605149604349
23.92638,1605149604453
33.12102,1605149604556
47.13376,1605149604660
35.58282,1605149604764
71.779144,1605149604867
46.341465,1605149604971
22.360249,1605149605074
29.605263,1605149605177
29.813665,1605149605280
48.10127,1605149605384
37.73585,1605149605488
67.30769,1605149605592
43.55828,1605149605700
32.07547,1605149605804
26.190477,1605149605915
39.751553,1605149606022
49.079754,1605149606126
37.73585,1605149606229
65.131584,1605149606334
38.323357,1605149606437
22.012577,1605149606540
28.125,1605149606644
33.75,1605149606747
45,1605149606850
45.66474,1605149606965
55.279507,1605149607068
35.403725,1605149607172
24.539877,1605149607275
22.08589,1605149607378
38.414635,1605149607482
45.679012,1605149607586
43.670887,1605149607689
65.21739,1605149607792
37.341774,1605149607895
27.672955,1605149607999
26.54321,1605149608102
30.232557,1605149608217
49.390244,1605149608320
42.038216,1605149608423
68.35443,1605149608527
37.654324,1605149608630
26.060604,1605149608733
23.125,1605149608836
32.07547,1605149608940
45.12195,1605149609044
31.0559,1605149609147
60.365856,1605149609252
48.780487,1605149609356
28.75,1605149609459
25.157234,1605149609562
24.203821,1605149609667
46.25,1605149609770
39.375,1605149609874
56.024097,1605149609978
49.36709,1605149610082
38.50932,1605149610186
26.875002,1605149610289
25.76687,1605149610392
33.333336,1605149610496
46.625767,1605149610599
23.456789,1605149610702
22.981367,1605149610807
19.6319,1605149610910
44.51613,1605149611013
68.78981,1605149611117
86.3354,1605149611221
48.466255,1605149611324
25.609756,1605149611427
21.118011,1605149611530
23.89937,1605149611633
20.886076,1605149611737
26.219511,1605149611840
25,1605149611943
20.496895,1605149612046
22.360249,1605149612150
20.37037,1605149612258
21.73913,1605149612361
23.75,1605149612464
23.125,1605149612567
21.95122,1605149612670
27.741936,1605149612774
28.395063,1605149612878
23.75,1605149612981
28.125,1605149613085
48.447205,1605149613189
45.91195,1605149613293
76.10063,1605149613397
56.626503,1605149613502
44.375,1605149613605
26.249998,1605149613709
26.751593,1605149613812
37.654324,1605149613916
47.272728,1605149614019
53.7037,1605149614123
66.87898,1605149614227
55.487804,1605149614332
40,1605149614435
28.846153,1605149614538
27.672955,1605149614641
30.57325,1605149614744
50.609756,1605149614848
54.93827,1605149614951
70.37037,1605149615055
64.84848,1605149615160
42.236023,1605149615263
32.07547,1605149615367
24.528303,1605149615471
25.76687,1605149615574
32.121212,1605149615678
57.66871,1605149615782
40.853657,1605149615885
37.97468,1605149615988
83.22581,1605149616092
49.693253,1605149616196
40.853657,1605149616299
29.012346,1605149616403
23.456789,1605149616506
28.395063,1605149616609
48.10127,1605149616712
48.780487,1605149616816
34.33735,1605149616919
63.52201,1605149617023
56.790127,1605149617127
50.63291,1605149617230
30.303032,1605149617333
28.930819,1605149617438
31.547619,1605149617542
24.683544,1605149617645
45.16129,1605149617749
48.447205,1605149617852
33.540375,1605149617955
70.625,1605149618059
53.797466,1605149618164
40.853657,1605149618267
26.38037,1605149618370
27.5,1605149618473
30.06135,1605149618577
43.125,1605149618680
55.421684,1605149618783
38.21656,1605149618888
72.39264,1605149618993
50.90909,1605149619096
30.065361,1605149619199
30.434782,1605149619302
34.810127,1605149619405
35.403725,1605149619508
55.624996,1605149619611
39.873417,1605149619714
50.92025,1605149619827
62.068962,1605149619931
34.394905,1605149620034
25.153374,1605149620137
31.012657,1605149620240
23.636364,1605149620345
44.09938,1605149620448
50.31056,1605149620551
44.17178,1605149620655
71.16564,1605149620758
41.666664,1605149620861
30.379745,1605149620964
28.22086,1605149621067
35.625,1605149621171
50.306747,1605149621275
35,1605149621378
71.604935,1605149621482
67.28395,1605149621585
39.506172,1605149621689
41.104298,1605149621793
40.60606,1605149621896
44.3038,1605149622000
54.93827,1605149622103
50.306747,1605149622206
81.59509,1605149622311
52.564102,1605149622414
33.939396,1605149622518
35.757576,1605149622621
39.35484,1605149622725
55.624996,1605149622830
53.750004,1605149622941
73.52941,1605149623045
57.926826,1605149623149
36.645966,1605149623252
34.666668,1605149623356
35.58282,1605149623459
52.694614,1605149623563
45.73171,1605149623667
61.728394,1605149623770
70.37037,1605149623874
46.153847,1605149623977
37.10692,1605149624080
35.975613,1605149624186
58.59873,1605149624290
51.479294,1605149624399
68.62746,1605149624504
53.08642,1605149624607
36.80982,1605149624711
25.925926,1605149624814
39.35484,1605149624917
45.16129,1605149625021
45.859875,1605149625125
64.81481,1605149625229
32.5,1605149625332
29.299364,1605149625435
28.834354,1605149625539
29.813665,1605149625642
50,1605149625746
32.704403,1605149625849
69.73685,1605149625953
45.833336,1605149626056
27.329191,1605149626159
25.477707,1605149626262
38.46154,1605149626366
42.592594,1605149626471
34.782608,1605149626574
68.9441,1605149626679
41.614906,1605149626782
24.375,1605149626885
24.84472,1605149626989
36.53846,1605149627092
47.878788,1605149627195
42.948715,1605149627299
66.037735,1605149627404
32.71605,1605149627507
26.993864,1605149627610
24.223602,1605149627713
43.75,1605149627817
41.13924,1605149627920
61.490685,1605149628025
49.404762,1605149628128
28.481012,1605149628231
28.04878,1605149628334
25.625,1605149628438
43.030304,1605149628542
42.857143,1605149628646
46.47059,1605149628754
60.75949,1605149628858
36.25,1605149628962
28.301886,1605149629065
25.316456,1605149629168
31.09756,1605149629271
46.625767,1605149629375
35.625,1605149629479
65.408806,1605149629583
47.272728,1605149629686
25,1605149629789
29.62963,1605149629893
32.90323,1605149629996
48.765434,1605149630099
57.051285,1605149630205
56.790127,1605149630308
30.674849,1605149630411
25.423729,1605149630529
32.93413,1605149630638
50.31056,1605149630742
40.25157,1605149630847
54.761906,1605149630951
45.06173,1605149631055
26.114649,1605149631158
27.5,1605149631261
39.74359,1605149631365
43.030304,1605149631468
61.538464,1605149631572
51.875,1605149631676
32.121212,1605149631779
28.289473,1605149631883
32.911392,1605149631986
46.913578,1605149632089
49.7006,1605149632193
68.125,1605149632297
29.813665,1605149632400
36.969696,1605149632504
32.919254,1605149632607
44.736843,1605149632712
39.506172,1605149632815
68.32298,1605149632920
36.969696,1605149633023
26.993864,1605149633126
22.360249,1605149633229
34.375,1605149633332
47.435898,1605149633436
32.71605,1605149633539
69.32516,1605149633643
46.451614,1605149633746
27.272728,1605149633850
29.113924,1605149633953
33.12102,1605149634056
44.242424,1605149634160
37.575756,1605149634264
62.82051,1605149634368
41.717793,1605149634474
28.22086,1605149634577
25.949368,1605149634681
33.128834,1605149634785
47.7707,1605149634888
33.75,1605149634992
66.875,1605149635095
37.73585,1605149635198
25.308641,1605149635301
25.925926,1605149635406
36.526947,1605149635509
48.684208,1605149635612
43.47826,1605149635717
66.25767,1605149635821
32.51534,1605149635925
25.625,1605149636028
22.360249,1605149636132
42.07317,1605149636237
42.944786,1605149636341
45.962734,1605149636445
69.64286,1605149636549
32.727272,1605149636653
26.875002,1605149636757
25.925926,1605149636861
42.580647,1605149636964
56.60377,1605149637069
46.060608,1605149637172
74.19355,1605149637275
42.331287,1605149637378
27.329191,1605149637481
27.8481,1605149637584
32.692307,1605149637688
46.103893,1605149637791
35.58282,1605149637895
77.21519,1605149637999
40,1605149638102
25.925926,1605149638207
23.602484,1605149638310
30.864197,1605149638414
48.148148,1605149638517
39.35484,1605149638620
63.953487,1605149638726
40.74074,1605149638830
27.329191,1605149638933
25,1605149639036
35.542168,1605149639139
48.125,1605149639243
44.155846,1605149639347
68.15287,1605149639450
35.403725,1605149639553
27.325583,1605149639661
24.698795,1605149639765
35.151516,1605149639873
44.512196,1605149639977
40.25157,1605149640080
55.151516,1605149640184
42.331287,1605149640288
24.375,1605149640391
22.012577,1605149640495
24.840765,1605149640598
45.398773,1605149640702
38.36478,1605149640807
66.46342,1605149640910
50.31447,1605149641013
28.025478,1605149641116
23.41772,1605149641220
28.04878,1605149641336
50,1605149641439
34.782608,1605149641542
63.75,1605149641645
33.540375,1605149641750
24.84472,1605149641853
36.477985,1605149641956
33.95062,1605149642059
49.390244,1605149642163
35.625,1605149642271
67.64706,1605149642375
42.424244,1605149642478
25.153374,1605149642582
22.839506,1605149642685
36.80982,1605149642788
48.765434,1605149642892
46.625767,1605149642995
67.06587,1605149643098
34.19355,1605149643201
24.050634,1605149643304
21.875,1605149643407
35.151516,1605149643511
48.427673,1605149643615
41.614906,1605149643718
58.86076,1605149643822
36.842106,1605149643925
21.656052,1605149644028
25.748503,1605149644132
24.375,1605149644235
37.654324,1605149644339
47.16981,1605149644442
43.670887,1605149644546
68.35443,1605149644649
39.375,1605149644752
27.215189,1605149644856
25.76687,1605149644959
43.47826,1605149645062
37.17949,1605149645166
60.869564,1605149645269
53.846157,1605149645373
27.60736,1605149645476
24.183006,1605149645579
35.849056,1605149645683
44.375,1605149645786
46.341465,1605149645890
63.975155,1605149645994
31.288343,1605149646098
28.313251,1605149646201
22.222223,1605149646304
19.375,1605149646407
24.691359,1605149646512
40.853657,1605149646616
49.06832,1605149646720
45.679012,1605149646824
69.230774,1605149646927
45.73171,1605149647031
24.84472,1605149647134
23.27044,1605149647237
41.40127,1605149647341
52.727272,1605149647445
25.308641,1605149647548
21.118011,1605149647652
20.2454,1605149647755
27.672955,1605149647863
70.11494,1605149647967
82.27848,1605149648071
40.361446,1605149648176
23.602484,1605149648279
23.602484,1605149648382
22.292994,1605149648485
22.360249,1605149648588
22.78481,1605149648693
21.472393,1605149648796
19.135803,1605149648899
25.308641,1605149649003
22.424242,1605149649106
21.604939,1605149649209
20.754717,1605149649313
26.060604,1605149649416
24.539877,1605149649519
22.64151,1605149649625
21.604939,1605149649728
27.329191,1605149649831
39.156628,1605149649935
47.5,1605149650039
50.90909,1605149650143
72.78481,1605149650248
54.81928,1605149650352
29.87805,1605149650455
23.870968,1605149650558
27.160492,1605149650662
33.536587,1605149650766
46.58385,1605149650870
39.751553,1605149650973
74.375,1605149651077
67.30769,1605149651181
46.666668,1605149651284
31.67702,1605149651388
28.75,1605149651491
26.282051,1605149651594
43.90244,1605149651697
42.857143,1605149651801
53.750004,1605149651904
68.32298,1605149652008
60.377357,1605149652112
33.128834,1605149652215
27.5,1605149652319
23.780487,1605149652423
29.696972,1605149652526
49.68944,1605149652630
49.09091,1605149652733
34.394905,1605149652837
61.00629,1605149652941
61.490685,1605149653044
47.928993,1605149653147
25.609756,1605149653253
25.925926,1605149653356
25.786165,1605149653460
35.542168,1605149653563
53.65854,1605149653668
40.243904,1605149653771
60.869564,1605149653877
58.282207,1605149653980
47.59036,1605149654084
29.813665,1605149654188
26.708075,1605149654292
23.312883,1605149654396
26.54321,1605149654499
46.357616,1605149654603
42.592594,1605149654707
53.7037,1605149654811
61.96319,1605149654914
55.90062,1605149655019
33.742332,1605149655122
27.108435,1605149655226
27.215189,1605149655329
36.419754,1605149655433
46.25,1605149655537
39.74359,1605149655640
46.625767,1605149655745
65.4321,1605149655848
40.123455,1605149655951
22.1519,1605149656054
28.930819,1605149656158
25.625,1605149656261
45.56962,1605149656365
46.341465,1605149656468
38.650307,1605149656571
70,1605149656675
48.17073,1605149656778
22.64151,1605149656881
28.481012,1605149656985
22.360249,1605149657088
34.591194,1605149657192
51.53374,1605149657296
42.682926,1605149657400
55.06329,1605149657503
58.282207,1605149657607
31.44654,1605149657710
30.81761,1605149657813
25,1605149657916
39.375,1605149658020
54.49102,1605149658123
32.51534,1605149658226
78.61635,1605149658330
42.67516,1605149658434
21.875,1605149658537
30.51948,1605149658640
39.759037,1605149658749
49.696968,1605149658853
42.857143,1605149658956
68.32298,1605149659060
42.767296,1605149659170
31.578945,1605149659273
22.5,1605149659378
47.85276,1605149659484
45.454548,1605149659588
43.949043,1605149659691
57.14286,1605149659795
28.22086,1605149659898
25,1605149660002
26.38037,1605149660105
46.107784,1605149660209
46.25,1605149660313
53.797466,1605149660417
52.469135,1605149660520
33.73494,1605149660623
20.125786,1605149660726
33.125,1605149660830
47.204967,1605149660933
32.911392,1605149661038
64.88096,1605149661147
43.47826,1605149661252
25.903616,1605149661355
30.674849,1605149661458
36.746986,1605149661563
40.74074,1605149661667
56.25,1605149661774
66.26506,1605149661877
30.188679,1605149661981
27.60736,1605149662085
24.390244,1605149662189
46.913578,1605149662292
40.99379,1605149662396
67.5,1605149662499
40,1605149662602
28.20513,1605149662705
31.875,1605149662809
42.5,1605149662912
35.625,1605149663015
76.21951,1605149663119
34.302326,1605149663234
27.108435,1605149663343
29.761904,1605149663453
44.512196,1605149663557
42.168674,1605149663661
67.08861,1605149663764
33.95062,1605149663869
26.249998,1605149663972
24.84472,1605149664076
40.853657,1605149664179
42.682926,1605149664283
64.70589,1605149664391
52.325584,1605149664496
32.317074,1605149664600
20.987654,1605149664703
45.16129,1605149664807
38.125,1605149664910
68.32298,1605149665014
43.47826,1605149665117
23.75,1605149665220
22.1519,1605149665324
42.771084,1605149665427
38.125,1605149665530
62.345676,1605149665634
44.3038,1605149665737
27.60736,1605149665840
27.564102,1605149665944
26.060604,1605149666047
43.47826,1605149666150
44.3038,1605149666254
62.19512,1605149666357
41.614906,1605149666460
28.387096,1605149666564
25.465837,1605149666667
46.496815,1605149666770
46,1605149666874
59.880238,1605149666977
36.708862,1605149667081
25.465837,1605149667184
27.439026,1605149667287
33.962265,1605149667390
41.614906,1605149667494
63.21839,1605149667610
44.3038,1605149667714
25.465837,1605149667817
26.249998,1605149667920
35.802467,1605149668025
45.454548,1605149668128
52.941177,1605149668232
64.02439,1605149668336
31.875,1605149668439
23.602484,1605149668542
27.388535,1605149668646
50.617283,1605149668749
36.774193,1605149668853
63.414635,1605149668956
39.39394,1605149669060
29.813665,1605149669164
25.786165,1605149669267
46.25,1605149669370
40,1605149669473
62.251656,1605149669577
43.037975,1605149669681
26.470589,1605149669788
25.308641,1605149669891
39.130436,1605149669994
41.358025,1605149670097
64.81481,1605149670202
41.666664,1605149670305
25.949368,1605149670409
23.92638,1605149670513
48.192772,1605149670616
48.765434,1605149670720
68.15287,1605149670826
55.757576,1605149670929
24.223602,1605149671032
26.993864,1605149671135
39.622643,1605149671239
40.127388,1605149671342
47.239265,1605149671447
55.6962,1605149671550
36.875,1605149671655
30.246914,1605149671758
23.75,1605149671861
45.859875,1605149671965
47.239265,1605149672070
64.63415,1605149672173
36,1605149672276
21.875,1605149672379
25.76687,1605149672483
40.74074,1605149672586
42.67516,1605149672689
67.32027,1605149672793
43.949043,1605149672897
27.5,1605149673000
27.160492,1605149673103
40.828403,1605149673208
41.717793,1605149673311
55.974842,1605149673415
35.757576,1605149673519
25.625,1605149673622
28.930819,1605149673726
32.5,1605149673829
46.405228,1605149673933
53.892212,1605149674038
57.5,1605149674141
25.786165,1605149674245
26.54321,1605149674348
36.024845,1605149674451
44.720497,1605149674555
45.679012,1605149674670
62.711864,1605149674773
25.786165,1605149674876
25,1605149674980
35,1605149675084
37.10692,1605149675187
42.592594,1605149675291
64.77987,1605149675395
30.434782,1605149675498
26.993864,1605149675601
22.292994,1605149675704
41.40127,1605149675807
48.125,1605149675911
19.745224,1605149676014
46.341465,1605149676119
90.96386,1605149676226
59.1195,1605149676331
27.272728,1605149676434
23.41772,1605149676537
20,1605149676640
28.235296,1605149676752
19.875776,1605149676856
28.395063,1605149676959
27.160492,1605149677064
24.074074,1605149677167
44.444447,1605149677271
45.398773,1605149677374
49.68944,1605149677478
78.125,1605149677581
43.037975,1605149677685
31.0559,1605149677788
27.160492,1605149677891
22.077923,1605149677994
41.975307,1605149678098
41.25,1605149678201
48.427673,1605149678305
66.46342,1605149678408
41.975307,1605149678512
27.672955,1605149678615
27.272728,1605149678718
36.585365,1605149678821
45.91195,1605149678924
59.302322,1605149679033
52.531647,1605149679138
36.363636,1605149679241
25.157234,1605149679345
26.993864,1605149679448
46.341465,1605149679552
46.341465,1605149679656
35.975613,1605149679759
58.04598,1605149679871
57.317074,1605149679976
36.585365,1605149680080
27.672955,1605149680183
24.375,1605149680287
44.720497,1605149680390
47.59036,1605149680493
40.39735,1605149680598
54.761906,1605149680702
52.439022,1605149680807
30.434782,1605149680910
26.82927,1605149681014
36.645966,1605149681117
46.20253,1605149681220
44.04762,1605149681329
62.1118,1605149681432
36.19632,1605149681536
27.044025,1605149681639
28.481012,1605149681743
39.759037,1605149681846
40.99379,1605149681949
42.580647,1605149682054
62.26415,1605149682158
33.13253,1605149682262
26.086956,1605149682365
22.292994,1605149682468
31.875,1605149682572
47.252747,1605149682685
40.127388,1605149682789
66.66667,1605149682905
35.48387,1605149683008
23.312883,1605149683113
29.374998,1605149683216
41.614906,1605149683320
37.80488,1605149683423
21.73913,1605149683527
20.60606,1605149683631
26.060604,1605149683736
48.484848,1605149683839
84.04908,1605149683943
68.6747,1605149684046
22.981367,1605149684149
22.5,1605149684252
23.456789,1605149684356
18.125,1605149684459
23.780487,1605149684562
22.424242,1605149684666
22.560974,1605149684769
24.84472,1605149684872
18.125,1605149684975
20.496895,1605149685078
20.382166,1605149685181
19.753086,1605149685285
22.839506,1605149685388
21.604939,1605149685491
25,1605149685594
26.086956,1605149685697
21.118011,1605149685800
28.834354,1605149685903
52.83019,1605149686007
47.239265,1605149686110
71.6129,1605149686215
68.98734,1605149686319
44.025154,1605149686422
31.612904,1605149686526
27.8481,1605149686629
23.89937,1605149686732
40.384613,1605149686837
48.148148,1605149686941
43.47826,1605149687046
31.09756,1605149687149
19.871796,1605149687253
42.767296,1605149687357
51.898735,1605149687460
47.5,1605149687563
36.875,1605149687666
27.8481,1605149687770
30.303032,1605149687873
50,1605149687977
42.424244,1605149688081
74.842766,1605149688185
64.51613,1605149688289
39.634148,1605149688392
29.012346,1605149688495
24.840765,1605149688598
27.329191,1605149688702
46.496815,1605149688807
44.848484,1605149688911
56.09756,1605149689027
64.16185,1605149689131
49.404762,1605149689235
40.243904,1605149689338
24.683544,1605149689442
26.45161,1605149689545
25.641027,1605149689648
52.727272,1605149689752
53.41615,1605149689855
28.834354,1605149689958
60.126583,1605149690061
45.91195,1605149690165
40.76433,1605149690269
41.717793,1605149690372
32.5,1605149690475
28.758171,1605149690580
46.25,1605149690683
55.6962,1605149690786
38.50932,1605149690889
53.125,1605149690993
70.731705,1605149691098
47.61905,1605149691202
30.06135,1605149691305
28.025478,1605149691408
24.840765,1605149691512
38.064514,1605149691615
48.79518,1605149691719
44.720497,1605149691822
59.1195,1605149691925
63.694267,1605149692030
39.024387,1605149692133
23.717949,1605149692236
30.000002,1605149692339
25.80645,1605149692442
47.239265,1605149692545
63.870968,1605149692649
45,1605149692753
68.902435,1605149692857
43.670887,1605149692960
24.40476,1605149693067
28.313251,1605149693170
23.41772,1605149693273
35.975613,1605149693377
50,1605149693480
39.506172,1605149693583
54.375,1605149693686
57.66871,1605149693791
32.317074,1605149693895
27.60736,1605149693998
24.375,1605149694101
34.756096,1605149694207
51.829266,1605149694310
30.674849,1605149694413
63.870968,1605149694517
48.148148,1605149694621
31.48148,1605149694725
27.777779,1605149694829
26.708075,1605149694932
43.670887,1605149695045
44.632767,1605149695149
67.2619,1605149695254
46.107784,1605149695357
25.949368,1605149695460
28.04878,1605149695564
29.87805,1605149695668
47.530865,1605149695771
44.848484,1605149695874
63.473053,1605149695978
44.230766,1605149696081
24.683544,1605149696184
25.76687,1605149696287
20.625,1605149696391
38.323357,1605149696494
48.75,1605149696597
35.625,1605149696701
70.731705,1605149696806
43.55828,1605149696909
28.04878,1605149697012
25.308641,1605149697115
34.375,1605149697219
44.444447,1605149697323
49.696968,1605149697432
53.801167,1605149697537
27.60736,1605149697640
26.114649,1605149697743
27.215189,1605149697846
41.875,1605149697949
43.209877,1605149698054
47.878788,1605149698158
55.487804,1605149698263
31.09756,1605149698366
25.609756,1605149698469
27.564102,1605149698572
42.236023,1605149698675
40.99379,1605149698779
62.345676,1605149698883
47.85276,1605149698986
25.465837,1605149699090
24.431818,1605149699203
35.08772,1605149699309
44.936707,1605149699412
32.335327,1605149699529
71.02273,1605149699633
41.142857,1605149699749
24.074074,1605149699852
21.875,1605149699957
34.33735,1605149700061
48.75,1605149700165
40.853657,1605149700268
67.2956,1605149700372
42.236023,1605149700475
27.160492,1605149700578
26.060604,1605149700681
42.5,1605149700784
45,1605149700888
62.1118,1605149700991
43.55828,1605149701094
23.312883,1605149701198
25.76687,1605149701301
34.83871,1605149701404
40.76433,1605149701507
44.512196,1605149701612
60.377357,1605149701716
31.288343,1605149701819
24.223602,1605149701922
25.316456,1605149702026
45.22293,1605149702130
35.897438,1605149702234
67.54967,1605149702338
41.566265,1605149702441
29.113924,1605149702544
30.434782,1605149702647
45,1605149702751
50.92025,1605149702863
56,1605149702966
26.875002,1605149703069
24.516129,1605149703172
34.911243,1605149703276
50,1605149703379
41.772152,1605149703483
62.27545,1605149703587
26.282051,1605149703690
24.223602,1605149703793
32.07547,1605149703896
41.975307,1605149704000
31.48148,1605149704103
71.25,1605149704207
33.742332,1605149704311
28.658537,1605149704414
25,1605149704518
47.204967,1605149704621
33.125,1605149704725
46.25,1605149704831
55.35714,1605149704935
29.813665,1605149705038
25.301207,1605149705141
25.324675,1605149705245
42.331287,1605149705349
40.99379,1605149705452
74.375,1605149705556
43.55828,1605149705660
28.834354,1605149705763
30.952381,1605149705867
36.969696,1605149705971
46.58385,1605149706074
34.591194,1605149706190
57.954544,1605149706293
38.46154,1605149706396
22.222223,1605149706499
26.415094,1605149706603
51.17647,1605149706710
53.750004,1605149706814
85.97561,1605149706919
82.71605,1605149707023
62.82051,1605149707127
45.679012,1605149707230
22.981367,1605149707334
19.375,1605149707438
28.04878,1605149707541
22.981367,1605149707645
21.73913,1605149707749
25.465837,1605149707853
28.57143,1605149707957
55.34591,1605149708061
58.787876,1605149708166
72.89157,1605149708269
51.923077,1605149708373
33.95062,1605149708476
25.925926,1605149708579
26.415094,1605149708682
38.125,1605149708786
44.375,1605149708889
52.98013,1605149708993
65.66265,1605149709096
38.787876,1605149709200
24.691359,1605149709304
29.374998,1605149709408
45,1605149709511
44.09938,1605149709615
68.15287,1605149709718
36.419754,1605149709822
25.153374,1605149709925
31.325302,1605149710029
26.086956,1605149710133
44.720497,1605149710236
45.398773,1605149710340
31.288343,1605149710444
75.94936,1605149710548
42.857143,1605149710652
24.84472,1605149710755
31.48148,1605149710858
20.987654,1605149710963
38.50932,1605149711067
51.57233,1605149711171
41.21212,1605149711275
70.90909,1605149711379
39.634148,1605149711483
25.925926,1605149711586
27.60736,1605149711690
36.904762,1605149711798
39.39394,1605149711902
65.454544,1605149712007
58.49057,1605149712110
31.875,1605149712214
23.125,1605149712317
27.60736,1605149712420
49.056606,1605149712524
40.718563,1605149712627
63.52201,1605149712731
39.130436,1605149712834
27.044025,1605149712937
24.074074,1605149713040
20.754717,1605149713143
23.602484,1605149713246
46.341465,1605149713350
41.614906,1605149713453
45.91195,1605149713558
69.09091,1605149713662
38.095238,1605149713766
27.215189,1605149713869
29.62963,1605149713973
49.101795,1605149714077
47.7707,1605149714181
63.636364,1605149714284
37.575756,1605149714387
28.04878,1605149714490
23.75,1605149714593
43.209877,1605149714697
41.666664,1605149714801
61.00629,1605149714905
49.375,1605149715009
25,1605149715112
25.308641,1605149715215
32.07547,1605149715320
48.765434,1605149715424
38.181816,1605149715527
67.07317,1605149715631
51.234566,1605149715735
33.333336,1605149715839
27.272728,1605149715942
43.037975,1605149716046
40.25157,1605149716150
54.658382,1605149716253
32.5,1605149716356
23.89937,1605149716459
39.634148,1605149716562
51.851852,1605149716666
38.414635,1605149716769
65.161285,1605149716872
39.506172,1605149716976
27.215189,1605149717080
25,1605149717183
39.130436,1605149717287
41.104298,1605149717390
57.055218,1605149717496
53.98773,1605149717599
25.786165,1605149717702
27.329191,1605149717806
33.333336,1605149717909
45.398773,1605149718012
48.484848,1605149718116
60.843372,1605149718220
34.16149,1605149718323
25.454544,1605149718426
37.423313,1605149718529
45.91195,1605149718633
53.503185,1605149718739
56.25,1605149718843
26.708075,1605149718946
25.454544,1605149719049
34.868423,1605149719153
52.12121,1605149719256
23.456789,1605149719359
22.981367,1605149719462
19.393938,1605149719571
28.04878,1605149719675
79.74683,1605149719780
87.42138,1605149719884
60.975613,1605149719987
27.777779,1605149720090
22.78481,1605149720193
24.358974,1605149720296
21.118011,1605149720399
20.625,1605149720503
22.981367,1605149720607
22.1519,1605149720710
25.157234,1605149720813
19.875776,1605149720916
19.620253,1605149721020
23.41772,1605149721123
24.698795,1605149721226
24.539877,1605149721329
22.02381,1605149721437
26.415094,1605149721541
26.966291,1605149721656
27.380953,1605149721766
53.7037,1605149721869
43.396225,1605149721973
78.34395,1605149722077
53.29341,1605149722180
41.104298,1605149722284
26.82927,1605149722388
27.60736,1605149722491
34.810127,1605149722596
45.16129,1605149722700
41.463413,1605149722804
72.67081,1605149722908
56.329113,1605149723013
37.654324,1605149723116
24.539877,1605149723220
28.125,1605149723323
29.936304,1605149723426
50.31447,1605149723531
43.82716,1605149723635
69.81132,1605149723739
56.44172,1605149723842
48.427673,1605149723946
24.571428,1605149724058
29.268291,1605149724161
21.656052,1605149724264
29.55975,1605149724368
60.248447,1605149724472
39.520958,1605149724575
38.50932,1605149724679
80.48781,1605149724785
50.2994,1605149724888
40.60606,1605149724991
25.76687,1605149725095
26.875002,1605149725198
28.481012,1605149725301
46.20253,1605149725404
50.943398,1605149725507
43.209877,1605149725612
66.87117,1605149725718
55.6962,1605149725822
32.484074,1605149725925
24.050634,1605149726028
28.834354,1605149726131
25.786165,1605149726234
50.617283,1605149726339
42.168674,1605149726442
33.962265,1605149726546
77.16049,1605149726650
44.444447,1605149726753
26.751593,1605149726857
31.16883,1605149726960
21.604939,1605149727063
40,1605149727166
51.234566,1605149727270
29.55975,1605149727373
63.291138,1605149727478
61.490685,1605149727581
32.484074,1605149727684
31.875,1605149727787
20.253164,1605149727891
38.36478,1605149727995
50.609756,1605149728099
38.414635,1605149728202
53.04878,1605149728314
65.06024,1605149728418
32.298134,1605149728521
29.87805,1605149728624
26.38037,1605149728728
35.625,1605149728832
53.125,1605149728935
26.249998,1605149729038
67.28395,1605149729143
55.82822,1605149729247
34.19355,1605149729351
29.012346,1605149729455
24.691359,1605149729558
48.407642,1605149729661
43.75,1605149729765
52.439022,1605149729869
61.349697,1605149729973
36.875,1605149730077
24.074074,1605149730180
27.160492,1605149730285
43.037975,1605149730389
39.375,1605149730492
65.58441,1605149730595
44.375,1605149730699
26.506025,1605149730802
26.086956,1605149730905
24.050634,1605149731009
45.73171,1605149731112
35.802467,1605149731216
64.96815,1605149731320
59.880238,1605149731424
26.086956,1605149731527
28.484848,1605149731630
25.625,1605149731733
40.37267,1605149731837
47.85276,1605149731940
61.349697,1605149732044
52.14724,1605149732147
27.8481,1605149732250
27.450981,1605149732353
24.84472,1605149732456
47.13376,1605149732560
36.585365,1605149732663
67.72152,1605149732767
44.09938,1605149732870
30.322582,1605149732973
24.683544,1605149733076
33.333336,1605149733180
44.585987,1605149733284
53.750004,1605149733388
54.545456,1605149733491
29.813665,1605149733595
24.528303,1605149733698
25.157234,1605149733801
49.358974,1605149733905
46.25,1605149734008
61.25,1605149734112
33.333336,1605149734215
26.751593,1605149734319
28.22086,1605149734422
32.07547,1605149734527
42.857143,1605149734630
56.024097,1605149734735
61.490685,1605149734839
33.12102,1605149734942
26.415094,1605149735047
30.674849,1605149735150
52.79503,1605149735254
45.73171,1605149735358
71.16564,1605149735461
46.83544,1605149735566
26.54321,1605149735669
29.012346,1605149735772
33.544304,1605149735876
46.951218,1605149735979
45.12195,1605149736083
63.190186,1605149736187
35.031845,1605149736290
30.06135,1605149736393
27.741936,1605149736496
44.871796,1605149736599
34.810127,1605149736702
56.81818,1605149736814
48.75,1605149736917
25.786165,1605149737021
23.312883,1605149737124
42.138367,1605149737227
43.209877,1605149737330
65.4321,1605149737433
59.006214,1605149737537
30.188679,1605149737640
27.878788,1605149737743
51.592358,1605149737847
36.305733,1605149737950
68.32298,1605149738053
39.622643,1605149738158
26.219511,1605149738261
27.60736,1605149738365
26.751593,1605149738468
49.375,1605149738572
46.70659,1605149738680
60.869564,1605149738783
33.544304,1605149738886
28.930819,1605149738989
22.1519,1605149739093
47.5,1605149739196
39.506172,1605149739300
59.23567,1605149739405
57.055218,1605149739508
25,1605149739611
32.911392,1605149739715
34.969322,1605149739818
44.3038,1605149739921
36.07595,1605149740025
61.96319,1605149740130
35.714287,1605149740233
27.95031,1605149740336
23.717949,1605149740439
54.93827,1605149740543
45.398773,1605149740647
73.29193,1605149740751
34.591194,1605149740854
26.797386,1605149740958
28.125,1605149741066
46.107784,1605149741169
38.21656,1605149741274
65.454544,1605149741377
33.116882,1605149741481
25,1605149741584
27.564102,1605149741687
32.298134,1605149741790
47.204967,1605149741894
50.92025,1605149742007
52.873566,1605149742110
29.299364,1605149742214
28.658537,1605149742317
35.625,1605149742421
46.01227,1605149742525
49.685535,1605149742629
64.02439,1605149742732
28.75,1605149742835
22.5,1605149742938
33.128834,1605149743043
46.107784,1605149743146
43.209877,1605149743249
63.694267,1605149743354
35.365852,1605149743457
25.949368,1605149743560
23.27044,1605149743663
40.123455,1605149743766
42.331287,1605149743869
61.392403,1605149743974
47.239265,1605149744077
26.58228,1605149744181
24.698795,1605149744286
45.28302,1605149744389
37.037037,1605149744493
60.606064,1605149744597
45.625,1605149744700
30.06135,1605149744803
23.89937,1605149744906
42.767296,1605149745010
33.125,1605149745113
59.87261,1605149745218
44.578316,1605149745321
25.316456,1605149745425
30.06135,1605149745529
45.91195,1605149745632
41.614906,1605149745735
62.98701,1605149745839
33.128834,1605149745943
23.125,1605149746046
24.539877,1605149746149
40.127388,1605149746253
50.92025,1605149746358
65.408806,1605149746461
35.947712,1605149746564
26.415094,1605149746669
23.780487,1605149746772
32.919254,1605149746876
43.037975,1605149746979
46.951218,1605149747083
42.331287,1605149747186
23.125,1605149747289
30.188679,1605149747393
30.434782,1605149747496
26.38037,1605149747600
26.282051,1605149747703
44.242424,1605149747807
45.859875,1605149747910
64.88096,1605149748015
46.913578,1605149748119
25.903616,1605149748228
26.666668,1605149748332
29.55975,1605149748436
47.468357,1605149748540
42.5,1605149748643
71.06918,1605149748746
39.506172,1605149748850
26.086956,1605149748953
24.050634,1605149749056
45,1605149749159
45.18072,1605149749263
49.673203,1605149749367
60.7362,1605149749471
34.545456,1605149749574
27.5,1605149749677
25.308641,1605149749780
43.225807,1605149749884
43.11377,1605149749987
68.02326,1605149750098
50.90909,1605149750202
26.249998,1605149750305
27.777779,1605149750409
26.666668,1605149750513
38.36478,1605149750617
41.81818,1605149750720
56.25,1605149750824
56.969696,1605149750927
31.25,1605149751030
23.684212,1605149751133
36.419754,1605149751237
48.148148,1605149751340
50,1605149751446
56.875004,1605149751551
29.813665,1605149751654
24.375,1605149751758
25.925926,1605149751861
37.26708,1605149751965
40.99379,1605149752068
60.248447,1605149752172
58.641975,1605149752275
29.012346,1605149752379
23.717949,1605149752482
30.303032,1605149752587
43.125,1605149752690
47.468357,1605149752794
62.26415,1605149752898
35.849056,1605149753001
26.923079,1605149753104
27.5,1605149753207
48.484848,1605149753312
41.666664,1605149753414
56.962025,1605149753519
45.962734,1605149753622
28.301886,1605149753725
25.949368,1605149753828
35.928146,1605149753931
46.20253,1605149754035
32.71605,1605149754140
72.78481,1605149754244
38.674034,1605149754359
27.044025,1605149754463
24.84472,1605149754568
39.622643,1605149754671
41.875,1605149754774
58.49057,1605149754878
52.469135,1605149754982
29.192547,1605149755085
22.580645,1605149755188
42.5,1605149755291
49.685535,1605149755394
28.04878,1605149755497
20.886076,1605149755601
22.222223,1605149755704
27.672955,1605149755807
61.00629,1605149755911
66.875,1605149756014
25,1605149756117
25,1605149756221
22.5,1605149756324
21.764706,1605149756433
25.96685,1605149756547
24.84472,1605149756651
22.839506,1605149756756
23.125,1605149756859
22.981367,1605149756963
21.25,1605149757066
21.875,1605149757169
42.038216,1605149757272
31.875,1605149757375
23.75,1605149757479
22.012577,1605149757582
21.25,1605149757685
23.89937,1605149757789
25.454544,1605149757892
30.000002,1605149757995
53.41615,1605149758099
53.125,1605149758202
26.086956,1605149758305
20.2454,1605149758409
24.390244,1605149758514
22.424242,1605149758623
77.84431,1605149758727
92.72727,1605149758830
75.15528,1605149758935
64.74359,1605149759038
25.786165,1605149759141
19.375,1605149759244
27.741936,1605149759348
22.981367,1605149759451
19.745224,1605149759554
22.981367,1605149759657
21.383648,1605149759760
23.92638,1605149759863
21.875,1605149759966
21.73913,1605149760070
23.56688,1605149760173
23.602484,1605149760276
21.73913,1605149760379
24.539877,1605149760483
28.481012,1605149760586
25.625,1605149760695
32.55814,1605149760798
53.04878,1605149760903
40.99379,1605149761006
60.75949,1605149761117
61.849712,1605149761221
43.82716,1605149761324
28.834354,1605149761428
27.672955,1605149761531
44.578316,1605149761634
38.75,1605149761737
56.129032,1605149761841
58.125,1605149761945
54.320984,1605149762049
36.305733,1605149762152
34.146343,1605149762256
35.25641,1605149762359
48.427673,1605149762463
32.5,1605149762567
31.0559,1605149762670
51.515152,1605149762773
56.25,1605149762886
90.74074,1605149762990
64.59627,1605149763095
36.708862,1605149763199
25.308641,1605149763302
23.75,1605149763405
21.428572,1605149763508
26.54321,1605149763612
21.875,1605149763716
24.691359,1605149763819
23.41772,1605149763922
29.192547,1605149764025
29.192547,1605149764128
27.564102,1605149764232
48.447205,1605149764335
54.037266,1605149764438
39.8773,1605149764542
68.9441,1605149764646
63.190186,1605149764750
42.944786,1605149764854
25.786165,1605149764959
26.249998,1605149765062
26.219511,1605149765166
30.81761,1605149765269
51.234566,1605149765372
48.148148,1605149765476
46.341465,1605149765579
70.987656,1605149765683
58.282207,1605149765786
36.024845,1605149765889
27.672955,1605149765993
27.044025,1605149766096
26.993864,1605149766200
48.10127,1605149766303
53.333336,1605149766407
28.125,1605149766510
50,1605149766615
72.67081,1605149766719
46.83544,1605149766822
30.722893,1605149766926
27.60736,1605149767029
22.222223,1605149767133
29.936304,1605149767236
52.79503,1605149767340
52.095806,1605149767443
30.81761,1605149767546
72.04969,1605149767653
63.414635,1605149767756
41.25,1605149767859
32.298134,1605149767962
25.157234,1605149768065
30.000002,1605149768169
45.512817,1605149768272
52.439022,1605149768375
31.012657,1605149768478
63.414635,1605149768583
68.125,1605149768686
46.875,1605149768791
40.76433,1605149768894
41.509434,1605149768997
32.051285,1605149769100
36.19632,1605149769204
47.741936,1605149769308
56.626503,1605149769411
35.185184,1605149769515
76.30058,1605149769622
64.375,1605149769725
44.936707,1605149769828
30.625,1605149769932
28.75,1605149770035
25.153374,1605149770138
30.434782,1605149770241
48.765434,1605149770344
53.04878,1605149770449
35.975613,1605149770552
71.604935,1605149770656
60.606064,1605149770760
45.614033,1605149770866
25.949368,1605149770969
29.268291,1605149771074
28.313251,1605149771177
28.75,1605149771281
55,1605149771384
53.7037,1605149771487
36.19632,1605149771591
79.141106,1605149771694
50.943398,1605149771799
38.323357,1605149771903
29.813665,1605149772006
28.125,1605149772109
27.60736,1605149772212
40.127388,1605149772316
50.931675,1605149772419
40.4908,1605149772523
57.66871,1605149772627
71.51515,1605149772732
47.16981,1605149772835
26.54321,1605149772938
29.62963,1605149773041
24.84472,1605149773144
27.215189,1605149773248
53.7037,1605149773352
43.975906,1605149773455
41.104298,1605149773560
76.073616,1605149773664
54.658382,1605149773767
42.5,1605149773871
24.84472,1605149773975
30.434782,1605149774080
24.375,1605149774183
31.875,1605149774287
54.268295,1605149774391
46.296295,1605149774494
46.625767,1605149774597
71.51899,1605149774701
53.37423,1605149774804
40.361446,1605149774908
31.288343,1605149775012
23.75,1605149775115
31.645569,1605149775218
49.36709,1605149775323
53.333336,1605149775426
26.58228,1605149775530
58.682632,1605149775656
73.46939,1605149775760
50.931675,1605149775863
28.75,1605149775966
28.395063,1605149776070
28.395063,1605149776173
35.25641,1605149776277
57.861637,1605149776380
43.55828,1605149776484
35.625,1605149776587
75.625,1605149776690
54.268295,1605149776793
39.102562,1605149776897
28.57143,1605149777000
29.374998,1605149777104
27.710842,1605149777208
36.875,1605149777313
51.898735,1605149777417
47.204967,1605149777520
33.742332,1605149777623
47.878788,1605149777727
22.891565,1605149777831
6.060606,1605149777934
4.2424245,1605149778037
8.588957,1605149778142
20.710058,1605149778246
14.371258,1605149778349
26.82927,1605149778452
6.7073174,1605149778556
3.6363635,1605149778659
5.5214725,1605149778763
18.562874,1605149778866
9.202455,1605149778969
6.0240965,1605149779072
5.4545455,1605149779175
3.030303,1605149779279
5.5214725,1605149779383
17.46988,1605149779486
10.365853,1605149779589
0.6289308,1605149779692
1.8292682,1605149779795
5.421687,1605149779898
9.638554,1605149780001
1.8292682,1605149780104
3.0487804,1605149780207
2.4539876,1605149780311
3.0120482,1605149780414
1.2195121,1605149780517
4.9382715,1605149780620
