20,1609324905898
0.20661156,1609324905999
0.20661156,1609324906100
0.20618558,1609324906201
0.20618558,1609324906302
0.20618558,1609324906404
0.20576131,1609324906505
0.20661156,1609324906605
0.20661156,1609324906707
0.20576131,1609324906808
0.41322312,1609324906908
0.20661156,1609324907009
0.20618558,1609324907111
0.20618558,1609324907212
0.20576131,1609324907313
0.20576131,1609324907414
0.20618558,1609324907515
0.20661156,1609324907616
0.20618558,1609324907717
0.20618558,1609324907819
0.20533882,1609324907920
0.20533882,1609324908022
0.20533882,1609324908123
0.20491803,1609324908225
0.20491803,1609324908326
0.20576131,1609324908428
0.20491803,1609324908530
0.40983605,1609324908631
0.20449898,1609324908733
0.20533882,1609324908835
0.20491803,1609324908936
0.20533882,1609324909038
0.20491803,1609324909140
0.20533882,1609324909241
0.20449898,1609324909343
0.20533882,1609324909444
0.20533882,1609324909546
0.20576131,1609324909647
0.20491803,1609324909749
0.20533882,1609324909851
0.20491803,1609324909952
0.20491803,1609324910054
0.20491803,1609324910155
0.20533882,1609324910257
0.20576131,1609324910358
0.20449898,1609324910460
0.20533882,1609324910561
0.20576131,1609324910663
0.41067764,1609324910765
0.20491803,1609324910866
0.20491803,1609324910968
0.20533882,1609324911069
0.20533882,1609324911171
0.20449898,1609324911273
0.20533882,1609324911374
0.16233766,1609324911502
0.20576131,1609324911603
0.20618558,1609324911705
0.20576131,1609324911806
0.41067764,1609324911907
0.20661156,1609324912008
0.20576131,1609324912109
0.20576131,1609324912210
0.20618558,1609324912312
0.20576131,1609324912413
0.20576131,1609324912514
0.20576131,1609324912615
0.20618558,1609324912717
0.20533882,1609324912818
0.20576131,1609324912920
0.20491803,1609324913021
0.20533882,1609324913123
0.20533882,1609324913224
0.20491803,1609324913326
0.20576131,1609324913427
0.6147541,1609324913529
0.11494253,1609324913709
0.20703934,1609324913810
0.2074689,1609324913911
0.20661156,1609324914011
0.20703934,1609324914112
0.2074689,1609324914213
0.20661156,1609324914313
0.20703934,1609324914414
0.20661156,1609324914515
0.2074689,1609324914615
0.20703934,1609324914716
0.20661156,1609324914817
0.2074689,1609324914917
0.41237116,1609324915018
0.20703934,1609324915119
0.20703934,1609324915219
0.20661156,1609324915320
0.20703934,1609324915421
0.20661156,1609324915522
0.20703934,1609324915622
0.4149378,1609324915723
0.20703934,1609324915824
0.2074689,1609324915924
0.2074689,1609324916025
0.2074689,1609324916125
0.20661156,1609324916226
0.2074689,1609324916327
0.41237116,1609324916427
0.2074689,1609324916528
0.20661156,1609324916629
0.41407868,1609324916729
0.2074689,1609324916830
0.2074689,1609324916930
0.41322312,1609324917031
0.2074689,1609324917132
0.20703934,1609324917232
0.20703934,1609324917333
0.20703934,1609324917434
0.41237116,1609324917534
0.20833334,1609324917635
0.41322312,1609324917736
0.20703934,1609324917836
0.20661156,1609324917937
0.20703934,1609324918038
0.2074689,1609324918139
0.20661156,1609324918239
0.20703934,1609324918340
0.20703934,1609324918440
0.20703934,1609324918541
0.2074689,1609324918642
0.41322312,1609324918742
0.20703934,1609324918843
0.20661156,1609324918944
0.20703934,1609324919045
0.621118,1609324919145
0.20661156,1609324919246
0.20703934,1609324919347
0.20661156,1609324919448
0.20703934,1609324919548
0.2074689,1609324919649
0.41322312,1609324919750
0.2074689,1609324919850
0.20661156,1609324919951
7.261411,1609324920052
7.46888,1609324920152
1.4553014,1609324920253
0.8247423,1609324920354
0.20703934,1609324920454
0.20703934,1609324920555
0.20703934,1609324920656
0.20790021,1609324920756
0.20618558,1609324920857
0.2074689,1609324920958
0.20703934,1609324921058
0.20703934,1609324921159
0.20703934,1609324921259
0.20703934,1609324921360
0.2074689,1609324921461
0.20703934,1609324921562
0.20703934,1609324921662
0.41322312,1609324921763
0.20703934,1609324921864
0.20703934,1609324921964
0.20703934,1609324922065
0.20661156,1609324922166
0.20703934,1609324922267
0.20661156,1609324922367
0.20703934,1609324922468
0.20703934,1609324922569
0.20661156,1609324922669
0.20790021,1609324922770
0.20661156,1609324922871
0.2074689,1609324922971
0.20661156,1609324923072
0.20703934,1609324923173
0.20703934,1609324923274
0.20703934,1609324923374
0.41322312,1609324923475
0.20703934,1609324923576
0.41237116,1609324923677
0.6198347,1609324923777
0.20790021,1609324923878
0.20703934,1609324923979
0.20661156,1609324924079
0.2074689,1609324924180
0.20703934,1609324924280
0.20703934,1609324924381
0.20703934,1609324924482
0.2074689,1609324924582
0.20703934,1609324924683
0.2074689,1609324924784
0.20661156,1609324924884
0.20703934,1609324924985
0.2074689,1609324925085
0.20703934,1609324925186
0.20703934,1609324925287
0.20661156,1609324925387
0.2074689,1609324925488
0.20661156,1609324925588
0.2074689,1609324925689
0.20703934,1609324925790
0.20703934,1609324925890
0.20661156,1609324925991
0.2074689,1609324926092
0.2074689,1609324926192
0.20703934,1609324926293
0.2074689,1609324926393
0.2074689,1609324926494
0.41237116,1609324926594
0.20790021,1609324926695
0.41407868,1609324926795
0.20703934,1609324926896
0.2074689,1609324926997
0.20703934,1609324927097
0.41407868,1609324927197
0.20790021,1609324927298
0.20790021,1609324927398
0.20703934,1609324927500
0.20576131,1609324927601
0.20576131,1609324927703
0.20533882,1609324927804
0.20491803,1609324927906
0.20491803,1609324928007
0.20576131,1609324928108
0.20533882,1609324928210
0.20576131,1609324928312
0.20533882,1609324928413
0.20533882,1609324928514
0.40983605,1609324928616
0.20576131,1609324928718
0.20449898,1609324928819
0.20533882,1609324928921
0.20533882,1609324929022
0.20576131,1609324929124
0.20491803,1609324929225
0.40899795,1609324929327
0.09950249,1609324929536
0.20661156,1609324929637
0.41237116,1609324929738
0.20618558,1609324929839
0.20533882,1609324929941
0.20618558,1609324930042
0.8247423,1609324930143
0.8247423,1609324930244
0.20703934,1609324930345
0.20533882,1609324930447
0.20618558,1609324930548
0.6185567,1609324930649
0.41237116,1609324930750
0.20576131,1609324930851
0.20618558,1609324930952
0.20618558,1609324931053
0.20618558,1609324931155
0.20576131,1609324931256
0.20576131,1609324931357
0.20576131,1609324931458
0.20618558,1609324931559
0.20618558,1609324931660
0.20661156,1609324931761
0.20661156,1609324931862
0.20618558,1609324931963
0.20618558,1609324932064
0.20661156,1609324932165
0.20661156,1609324932266
0.41237116,1609324932367
0.20703934,1609324932468
0.20661156,1609324932568
0.41322312,1609324932669
0.2074689,1609324932770
0.20661156,1609324932870
0.2074689,1609324932971
0.2074689,1609324933072
0.20661156,1609324933172
0.20661156,1609324933273
0.20703934,1609324933374
0.20703934,1609324933474
0.20703934,1609324933575
0.20661156,1609324933676
0.20703934,1609324933777
0.20661156,1609324933877
0.2074689,1609324933978
0.20661156,1609324934079
0.20661156,1609324934180
0.20661156,1609324934280
0.20703934,1609324934381
0.20703934,1609324934482
0.20703934,1609324934583
0.20703934,1609324934683
0.20661156,1609324934784
0.20703934,1609324934884
0.20703934,1609324934985
0.2074689,1609324935086
0.20661156,1609324935187
0.20661156,1609324935288
0.20703934,1609324935388
0.16393442,1609324935515
0.20703934,1609324935616
0.20661156,1609324935717
0.4149378,1609324935817
0.4149378,1609324935918
0.20703934,1609324936018
0.2074689,1609324936119
0.20703934,1609324936220
0.20661156,1609324936320
0.2074689,1609324936421
0.20703934,1609324936521
0.20703934,1609324936622
0.2074689,1609324936723
0.20703934,1609324936824
0.20661156,1609324936924
0.20618558,1609324937025
0.2074689,1609324937126
0.20703934,1609324937227
0.41152263,1609324937327
0.2074689,1609324937428
0.20661156,1609324937529
0.2074689,1609324937630
0.20661156,1609324937730
0.20703934,1609324937831
0.2074689,1609324937932
0.20703934,1609324938032
0.41237116,1609324938133
0.20661156,1609324938234
0.20703934,1609324938335
0.20703934,1609324938436
0.20661156,1609324938537
0.20703934,1609324938637
0.20703934,1609324938738
0.2074689,1609324938838
0.20703934,1609324938939
0.20703934,1609324939040
0.41152263,1609324939141
0.20703934,1609324939241
0.41322312,1609324939342
0.20703934,1609324939443
0.20703934,1609324939544
0.4149378,1609324939644
0.62240666,1609324939745
0.20661156,1609324939846
0.20703934,1609324939947
0.41152263,1609324940048
0.20703934,1609324940148
0.20703934,1609324940249
0.20703934,1609324940350
0.20703934,1609324940451
0.20618558,1609324940551
0.20661156,1609324940652
0.20703934,1609324940753
0.20703934,1609324940854
0.621118,1609324940954
1.4492754,1609324941055
0.621118,1609324941156
0.82815737,1609324941257
0.20661156,1609324941357
0.41407868,1609324941458
0.2713704,1609324941612
0.41407868,1609324941713
0.4149378,1609324941813
0.41322312,1609324941914
0.41407868,1609324942015
0.20661156,1609324942116
0.621118,1609324942217
0.41407868,1609324942317
0.621118,1609324942418
0.2074689,1609324942518
1.242236,1609324942619
0.2074689,1609324942720
2.484472,1609324942820
3.742204,1609324942921
0.41407868,1609324943022
1.4492754,1609324943123
4.338843,1609324943223
0.4166667,1609324943324
0.41322312,1609324943425
1.242236,1609324943525
0.2074689,1609324943626
0.621118,1609324943727
0.20703934,1609324943827
3.3126295,1609324943928
2.9227557,1609324944028
0.41407868,1609324944129
0.6198347,1609324944230
0.2074689,1609324944330
1.2371134,1609324944431
0.621118,1609324944532
0.4149378,1609324944632
3.73444,1609324944733
0.8298756,1609324944834
4.338843,1609324944934
0.2074689,1609324945035
3.10559,1609324945136
3.9419088,1609324945236
2.2916667,1609324945337
0.6185567,1609324945438
1.242236,1609324945538
1.86722,1609324945639
5.8091288,1609324945740
2.4948025,1609324945841
0.20661156,1609324945942
0.6185567,1609324946042
0.621118,1609324946143
0.41407868,1609324946244
2.2680414,1609324946345
4.7717843,1609324946445
2.6915114,1609324946546
3.5343037,1609324946647
2.6970954,1609324946748
1.8595042,1609324946850
0.41152263,1609324946951
2.0618556,1609324947052
5.555556,1609324947153
6.198347,1609324947254
3.3264034,1609324947355
3.3126295,1609324947456
0.61728394,1609324947557
0.20661156,1609324947658
0.8298756,1609324947758
0.2074689,1609324947859
0.41322312,1609324947960
0.621118,1609324948060
0.4149378,1609324948161
0.621118,1609324948261
0.41407868,1609324948362
0.41322312,1609324948463
0.82644624,1609324948564
0.41407868,1609324948664
0.8298756,1609324948765
0.621118,1609324948866
0.41407868,1609324948966
0.4149378,1609324949067
0.62240666,1609324949167
0.20661156,1609324949268
0.61162084,1609324949405
0.2074689,1609324949505
0.621118,1609324949606
0.621118,1609324949706
0.41407868,1609324949807
0.621118,1609324949908
0.2074689,1609324950008
0.82644624,1609324950109
0.20790021,1609324950210
0.6198347,1609324950310
0.4149378,1609324950411
0.82644624,1609324950512
1.0330578,1609324950612
0.2074689,1609324950713
0.82644624,1609324950814
0.20703934,1609324950915
0.82644624,1609324951015
0.41407868,1609324951116
0.4149378,1609324951217
1.0351967,1609324951317
5.857741,1609324951418
3.73444,1609324951518
3.5343037,1609324951619
5.60166,1609324951719
3.9501042,1609324951820
5.6133056,1609324951920
5.1867223,1609324952021
5.8212056,1609324952121
1.2448133,1609324952222
0.20703934,1609324952323
1.0330578,1609324952423
3.131524,1609324952524
2.6915114,1609324952625
0.41407868,1609324952725
0.2074689,1609324952826
2.074689,1609324952926
1.8633541,1609324953027
0.20703934,1609324953128
0.4149378,1609324953228
0.41407868,1609324953329
1.2371134,1609324953430
0.621118,1609324953531
2.6272578,1609324953658
0.621118,1609324953758
8.506225,1609324953859
4.149378,1609324953960
14.583333,1609324954060
1.0351967,1609324954161
0.62240666,1609324954262
15.113873,1609324954362
20.668058,1609324954463
1.8633541,1609324954563
0.41322312,1609324954664
0.4149378,1609324954765
4.132231,1609324954866
2.0703933,1609324954966
0.62240666,1609324955067
3.3195024,1609324955167
3.9583333,1609324955268
0.62240666,1609324955368
0.4149378,1609324955469
0.41407868,1609324955570
0.41407868,1609324955671
2.2727273,1609324955771
5.1975055,1609324955872
0.41152263,1609324955973
0.621118,1609324956074
0.41407868,1609324956175
0.20703934,1609324956275
0.62240666,1609324956376
0.2074689,1609324956477
0.4149378,1609324956577
0.41322312,1609324956678
0.82815737,1609324956779
0.6198347,1609324956879
0.4149378,1609324956980
0.2074689,1609324957081
0.8247423,1609324957181
0.20790021,1609324957282
0.41322312,1609324957382
2.484472,1609324957483
2.2821577,1609324957584
11.434511,1609324957684
4.5548654,1609324957785
5.60166,1609324957886
14.020618,1609324957986
1.86722,1609324958087
6.444906,1609324958188
11.983471,1609324958288
2.484472,1609324958389
3.10559,1609324958489
14.196242,1609324958590
3.10559,1609324958691
2.2869022,1609324958791
2.4948025,1609324958892
15.899582,1609324958992
2.9045644,1609324959093
7.2916665,1609324959193
10.833333,1609324959294
3.9501042,1609324959395
3.92562,1609324959495
16.977224,1609324959596
1.86722,1609324959696
3.9583333,1609324959797
16.632015,1609324959898
8.091287,1609324959998
13.429752,1609324960099
3.3195024,1609324960200
13.900415,1609324960301
3.3126295,1609324960401
17.671518,1609324960502
7.660455,1609324960602
13.692946,1609324960703
3.3264034,1609324960803
14.876034,1609324960904
2.9106028,1609324961005
16.149067,1609324961105
3.3195024,1609324961206
10.625,1609324961306
2.6804123,1609324961407
14.7747755,1609324961523
3.10559,1609324961624
13.152401,1609324961724
7.2916665,1609324961825
12.474012,1609324961925
3.526971,1609324962026
16.458334,1609324962126
2.7083333,1609324962227
16.115704,1609324962327
2.2774327,1609324962428
14.435146,1609324962528
4.1407866,1609324962629
16.424116,1609324962729
3.9501042,1609324962830
16.356108,1609324962931
16.528925,1609324963031
6.029106,1609324963132
11.715482,1609324963232
4.347826,1609324963333
2.7027028,1609324963434
19.421488,1609324963534
6.444906,1609324963635
13.457558,1609324963736
5.8212056,1609324963836
10.373445,1609324963937
6.6390047,1609324964038
3.3195024,1609324964138
17.01245,1609324964239
2.0703933,1609324964340
3.7113402,1609324964440
16.80498,1609324964541
3.131524,1609324964641
15.113873,1609324964742
3.1120331,1609324964843
3.92562,1609324964943
15.975104,1609324965044
2.074689,1609324965145
3.1120331,1609324965246
18.918919,1609324965346
3.118503,1609324965447
7.484408,1609324965547
11.458334,1609324965648
4.9792533,1609324965748
13.22314,1609324965849
2.8985507,1609324965950
3.742204,1609324966050
16.597511,1609324966151
2.6859503,1609324966252
6.4718165,1609324966352
16.283924,1609324966453
3.3126295,1609324966553
8.939709,1609324966654
15.625,1609324966755
7.9166665,1609324966855
16.216215,1609324966956
5.8333335,1609324967056
21.07438,1609324967157
2.9166667,1609324967258
5.4054055,1609324967358
19.875776,1609324967459
10.395011,1609324967560
4.7916665,1609324967660
17.536535,1609324967761
5.785124,1609324967862
20.289854,1609324967962
4.347826,1609324968063
9.958507,1609324968163
8.902691,1609324968264
15.495868,1609324968365
4.3659043,1609324968465
11.387163,1609324968566
13.80753,1609324968666
6.832298,1609324968767
11.111112,1609324968868
5.1867223,1609324968969
20.74689,1609324969069
6.6528068,1609324969170
9.147609,1609324969270
18.295218,1609324969371
3.5490606,1609324969471
9.109731,1609324969572
7.053942,1609324969673
4.752066,1609324969773
24.380165,1609324969874
4.356847,1609324969974
7.024793,1609324970075
5,1609324970176
32.091095,1609324970276
4.375,1609324970377
5.1867223,1609324970477
4.7619047,1609324970578
29.045645,1609324970679
4.7717843,1609324970779
8.939709,1609324970880
6.61157,1609324970981
3.118503,1609324971081
17.634855,1609324971182
6.458333,1609324971283
3.92562,1609324971383
10.580913,1609324971484
6.4718165,1609324971585
3.292181,1609324971686
17.489712,1609324971787
8.108108,1609324971887
4.5548654,1609324971988
11.387163,1609324972088
7.2765074,1609324972189
3.5123966,1609324972290
25.672876,1609324972390
6.6528068,1609324972491
3.5343037,1609324972591
4.5454545,1609324972692
6.832298,1609324972793
3.5343037,1609324972893
4.958678,1609324972994
28.183716,1609324973094
6.860707,1609324973195
4.5548654,1609324973296
5.8091288,1609324973396
13.900415,1609324973497
4.9382715,1609324973597
3.5416667,1609324973698
19.087137,1609324973799
8.471075,1609324973899
3.742204,1609324974000
3.7190084,1609324974100
3.73444,1609324974201
8.958333,1609324974302
2.9045644,1609324974402
2.8985507,1609324974503
10.743801,1609324974604
28.659794,1609324974704
8.939709,1609324974805
3.9337475,1609324974905
2.4948025,1609324975006
8.506225,1609324975107
4.338843,1609324975207
3.1120331,1609324975308
5.785124,1609324975408
23.227753,1609324975548
8.793456,1609324975648
4.5643153,1609324975749
12.889812,1609324975850
8.695652,1609324975950
3.5416667,1609324976051
3.742204,1609324976151
9.97921,1609324976252
16.182573,1609324976352
6.4315357,1609324976453
3.125,1609324976553
3.73444,1609324976654
5.785124,1609324976754
9.375,1609324976855
2.7027028,1609324976955
3.3126295,1609324977056
3.9337475,1609324977156
16.632444,1609324977257
20.668058,1609324977357
8.141962,1609324977458
3.5123966,1609324977558
3.125,1609324977659
8.506225,1609324977759
5.6133056,1609324977860
3.7267082,1609324977960
4.158004,1609324978061
33.814434,1609324978161
11.8257265,1609324978262
8.125,1609324978362
4.7619047,1609324978463
13.608247,1609324978563
8.523909,1609324978664
3.3195024,1609324978764
4.80167,1609324978865
22.199171,1609324978965
8.125,1609324979066
3.73444,1609324979166
2.9045644,1609324979267
3.3264034,1609324979367
9.97921,1609324979467
5.6133056,1609324979568
3.526971,1609324979669
3.3195024,1609324979769
4.123711,1609324979870
11.25,1609324979970
24.273859,1609324980071
9.375,1609324980171
3.9337475,1609324980272
3.3126295,1609324980373
3.3195024,1609324980473
9.414226,1609324980574
5.785124,1609324980674
2.7083333,1609324980775
3.9419088,1609324980875
4.7325106,1609324980976
11.180124,1609324981077
24.89712,1609324981179
10.53719,1609324981279
4.9382715,1609324981381
5.1652894,1609324981482
4.132231,1609324981583
13.7577,1609324981684
10.493827,1609324981785
4.5454545,1609324981886
2.6915114,1609324981987
4.329897,1609324982088
17.864475,1609324982188
11.226611,1609324982289
7.438017,1609324982390
3.7267082,1609324982490
3.526971,1609324982591
3.10559,1609324982692
6.3917527,1609324982792
8.695652,1609324982893
4.347826,1609324982994
3.4979424,1609324983095
3.5051546,1609324983196
7.9166665,1609324983297
29.774126,1609324983398
10.580913,1609324983499
6.004141,1609324983600
3.2989693,1609324983701
3.10559,1609324983802
3.1120331,1609324983903
8.921162,1609324984004
6.625259,1609324984105
3.1703386,1609324984493
14.553015,1609324984594
23.908524,1609324984694
10.395011,1609324984795
3.9583333,1609324984896
3.0991735,1609324984996
2.7083333,1609324985097
5.394191,1609324985197
9.812108,1609324985298
4.958678,1609324985398
3.9337475,1609324985499
3.118503,1609324985600
2.6970954,1609324985701
3.7267082,1609324985801
22.338203,1609324985902
14.699793,1609324986002
8.713694,1609324986103
5.1975055,1609324986203
4.5548654,1609324986304
4.1407866,1609324986405
13.016529,1609324986505
10.973084,1609324986606
5.1546392,1609324986707
3.9583333,1609324986807
9.97921,1609324986908
21.161825,1609324987008
8.695652,1609324987109
5.8212056,1609324987209
4.347826,1609324987310
4.781705,1609324987410
4.9792533,1609324987511
15.73499,1609324987612
8.902691,1609324987712
3.3126295,1609324987813
2.9106028,1609324987914
4.1407866,1609324988014
6.237006,1609324988115
23.908524,1609324988215
9.166667,1609324988316
5.4054055,1609324988417
4.338843,1609324988517
4.166667,1609324988618
10.438414,1609324988718
12.266112,1609324988819
5.4054055,1609324988920
2.9166667,1609324989020
3.131524,1609324989121
5.60166,1609324989221
24.380165,1609324989322
9.6907215,1609324989422
5.590062,1609324989523
4.3659043,1609324989624
4.7717843,1609324989724
8.057852,1609324989825
14.522822,1609324989926
5.4166665,1609324990026
3.92562,1609324990127
4.958678,1609324990227
10.123966,1609324990328
15.690376,1609324990428
11.570248,1609324990529
5.6133056,1609324990630
3.5196688,1609324990730
4.9792533,1609324990831
4.5009785,1609324990939
5.1124744,1609324991040
15.94203,1609324991142
7.186858,1609324991244
3.4693878,1609324991345
3.305785,1609324991447
6.185567,1609324991548
19.214876,1609324991649
12.883435,1609324991751
6.3917527,1609324991852
3.6960986,1609324991954
3.0800822,1609324992056
3.4979424,1609324992157
3.4907598,1609324992259
8.77551,1609324992360
8.418891,1609324992462
4.0733194,1609324992564
3.0864198,1609324992665
3.4907598,1609324992767
3.7037036,1609324992868
5.749487,1609324992970
32.991802,1609324993072
12.244898,1609324993173
7.392197,1609324993275
2.886598,1609324993376
4.684318,1609324993478
3.0864198,1609324993579
6.7622952,1609324993681
10.655738,1609324993783
3.6960986,1609324993884
3.2786884,1609324993986
2.886598,1609324994088
4.312115,1609324994189
4.897959,1609324994291
13.608247,1609324994393
30.122952,1609324994494
8.865979,1609324994595
4.3209877,1609324994697
3.4907598,1609324994798
4.312115,1609324994899
3.7113402,1609324995001
7.6131687,1609324995102
8.4536085,1609324995204
3.4979424,1609324995305
3.4693878,1609324995407
3.7037036,1609324995508
4.517454,1609324995610
8.213552,1609324995712
19.387754,1609324995813
17.489712,1609324995914
6.9815197,1609324996016
4.106776,1609324996118
3.2989693,1609324996219
3.6960986,1609324996321
5.1229506,1609324996422
11.157024,1609324996524
3.0864198,1609324996626
3.6659877,1609324996727
4.9484534,1609324996829
13.580246,1609324996930
23.360657,1609324997032
9.836065,1609324997133
5.3169737,1609324997235
4.907975,1609324997337
3.6885247,1609324997438
4.9484534,1609324997540
15.670103,1609324997641
8.401639,1609324997743
3.8854804,1609324997845
3.5051546,1609324997946
4.5081964,1609324998048
17.28395,1609324998149
13.22314,1609324998251
6.8041234,1609324998353
3.7037036,1609324998454
4.5267487,1609324998556
4.907975,1609324998658
12.783505,1609324998759
11.088296,1609324998861
4.7325106,1609324998963
3.4907598,1609324999064
5.3719006,1609324999166
9.81595,1609324999267
20.987654,1609324999369
10.040983,1609324999470
5.3061223,1609324999572
4.5081964,1609324999674
4.7325106,1609324999775
9.368636,1609324999877
13.692946,1609324999978
6.21118,1609325000079
4.132231,1609325000180
4.7227926,1609325000281
12.635379,1609325000397
18.144331,1609325000497
8.230453,1609325000598
3.5051546,1609325000700
3.9175258,1609325000801
3.7190084,1609325000901
8.921162,1609325001002
9.128631,1609325001103
2.8985507,1609325001205
3.7037036,1609325001306
4.9281316,1609325001407
9.583333,1609325001507
35.19669,1609325001608
21.503132,1609325001709
7.4226804,1609325001810
3.3264034,1609325001910
3.10559,1609325002011
2.8985507,1609325002113
3.7113402,1609325002214
3.9094648,1609325002315
3.5051546,1609325002417
3.2989693,1609325002518
2.886598,1609325002620
3.6960986,1609325002721
3.7113402,1609325002822
4.106776,1609325002924
3.292181,1609325003025
3.5196688,1609325003126
3.305785,1609325003227
3.0927835,1609325003329
2.8985507,1609325003429
4.329897,1609325003530
4.3209877,1609325003631
3.3195024,1609325003732
3.118503,1609325003833
3.526971,1609325003934
3.3126295,1609325004034
3.5123966,1609325004135
3.9337475,1609325004236
3.3195024,1609325004336
4.1407866,1609325004437
3.73444,1609325004538
3.118503,1609325004638
3.5196688,1609325004739
2.9166667,1609325004840
3.3126295,1609325004941
4.1407866,1609325005041
3.5343037,1609325005142
3.9337475,1609325005242
3.3195024,1609325005343
3.3195024,1609325005444
3.5196688,1609325005544
2.9106028,1609325005645
3.5490606,1609325005746
3.9337475,1609325005846
4.123711,1609325005947
3.742204,1609325006048
3.3264034,1609325006148
2.9045644,1609325006249
2.9106028,1609325006350
3.742204,1609325006451
3.7267082,1609325006552
3.742204,1609325006652
3.5343037,1609325006753
3.3195024,1609325006854
3.10559,1609325006954
3.125,1609325007055
4.329897,1609325007156
3.5123966,1609325007257
3.9337475,1609325007359
3.9014373,1609325007460
4.5548654,1609325007561
4.303279,1609325007663
3.0927835,1609325007764
4.123711,1609325007866
3.4979424,1609325007967
5.773196,1609325008068
11.316873,1609325008170
3.9094648,1609325008271
3.7037036,1609325008373
3.2989693,1609325008474
4.329897,1609325008576
5.714286,1609325008677
14.639175,1609325008779
25.204918,1609325008881
9.670782,1609325008982
5.532787,1609325009084
4.106776,1609325009186
4.4989777,1609325009287
3.6885247,1609325009389
4.5267487,1609325009491
9.4262295,1609325009592
6.352459,1609325009694
3.6885247,1609325009796
4.123711,1609325009897
3.4907598,1609325009999
6.5708423,1609325010101
11.7283945,1609325010202
26.54321,1609325010304
10.429448,1609325010406
6.790123,1609325010508
3.8854804,1609325010609
4.312115,1609325010711
5.13347,1609325010813
11.885246,1609325010914
3.2989693,1609325011016
3.4907598,1609325011118
4.7131147,1609325011219
9.240247,1609325011321
37.909836,1609325011422
11.546392,1609325011524
5.1229506,1609325011625
3.4979424,1609325011727
4.5360827,1609325011829
10.655738,1609325011930
5.3497944,1609325012032
3.7037036,1609325012134
4.106776,1609325012235
3.2854211,1609325012337
8.588957,1609325012439
34.15133,1609325012540
11.704312,1609325012642
6.790123,1609325012744
3.4979424,1609325012845
3.2854211,1609325012947
3.6734693,1609325013049
7.6131687,1609325013151
9.670782,1609325013252
3.7037036,1609325013354
3.4836066,1609325013456
4.303279,1609325013557
4.517454,1609325013659
15.918366,1609325013760
31.198347,1609325013862
10.816327,1609325013964
6.1728396,1609325014065
4.7131147,1609325014167
3.6809816,1609325014269
3.4836066,1609325014370
6.8041234,1609325014472
10.040983,1609325014574
3.9014373,1609325014675
4.907975,1609325014777
3.7037036,1609325014878
5.942623,1609325014980
15.0205765,1609325015081
31.67702,1609325015183
9.611452,1609325015285
5.555556,1609325015387
3.4979424,1609325015488
3.292181,1609325015590
3.9014373,1609325015691
11.7283945,1609325015793
4.7227926,1609325015895
4.3209877,1609325015996
4.2857146,1609325016098
3.292181,1609325016200
3.0800822,1609325016302
3.292181,1609325016403
8.829569,1609325016505
28.336754,1609325016606
11.7283945,1609325016708
8.401639,1609325016809
4.5267487,1609325016911
4.7131147,1609325017012
3.5051546,1609325017114
5.1546392,1609325017216
14.373716,1609325017317
10.472279,1609325017419
4.0983605,1609325017521
3.0800822,1609325017622
4.0983605,1609325017724
6.1601644,1609325017825
12.704918,1609325017927
18.5567,1609325018028
7.8189297,1609325018130
5.5670104,1609325018232
3.4764826,1609325018333
3.8854804,1609325018435
4.6938777,1609325018537
3.4979424,1609325018638
4.106776,1609325018740
3.0864198,1609325018841
8.62423,1609325018943
8.024691,1609325019045
3.292181,1609325019146
3.9094648,1609325019248
4.106776,1609325019350
4.0899796,1609325019451
5.144033,1609325019553
11.111112,1609325019655
17.525772,1609325019756
16.768915,1609325019858
8.024691,1609325019960
4.9180326,1609325020062
4.4897957,1609325020163
2.8747435,1609325020265
5.338809,1609325020367
11.134021,1609325020468
5.2953157,1609325020570
3.4979424,1609325020672
4.106776,1609325020773
4.312115,1609325020875
13.168724,1609325020976
24.691359,1609325021078
11.522634,1609325021180
5.555556,1609325021282
3.9014373,1609325021383
4.0899796,1609325021485
3.2989693,1609325021586
3.9094648,1609325021687
9.856263,1609325021789
6.790123,1609325021890
4.123711,1609325021992
3.6960986,1609325022094
6.3786006,1609325022195
32.438015,1609325022297
11.546392,1609325022399
8.196721,1609325022500
5.942623,1609325022602
4.5454545,1609325022703
4.0983605,1609325022805
5.942623,1609325022906
16.496944,1609325023008
8.247422,1609325023110
4.123711,1609325023211
3.6960986,1609325023313
5.327869,1609325023415
12.962963,1609325023516
19.917866,1609325023618
8.606558,1609325023720
5.725971,1609325023822
4.3209877,1609325023923
3.9094648,1609325024025
5.1124744,1609325024127
4.7034764,1609325024229
4.303279,1609325024330
5.3169737,1609325024432
17.382414,1609325024534
10.040983,1609325024635
3.9014373,1609325024737
5.1124744,1609325024838
4.5081964,1609325024940
6.790123,1609325025042
23.721882,1609325025143
10.040983,1609325025245
6.995885,1609325025347
4.9281316,1609325025448
3.292181,1609325025550
3.869654,1609325025652
3.6885247,1609325025753
4.106776,1609325025855
4.303279,1609325025956
3.7190084,1609325026058
7.628866,1609325026159
9.034908,1609325026261
3.4907598,1609325026363
3.7037036,1609325026464
4.106776,1609325026566
3.92562,1609325026667
5.3169737,1609325026769
8.230453,1609325026871
29.508198,1609325026973
11.885246,1609325027074
7.3469386,1609325027176
4.907975,1609325027278
3.4979424,1609325027379
4.0899796,1609325027481
4.303279,1609325027583
5.1546392,1609325027684
10.699589,1609325027786
4.752066,1609325027888
3.9014373,1609325027989
3.6960986,1609325028091
4.517454,1609325028192
4.132231,1609325028294
5.532787,1609325028395
15.306123,1609325028497
30.72165,1609325028599
10.204082,1609325028700
5.773196,1609325028802
4.106776,1609325028904
3.6734693,1609325029006
4.0899796,1609325029107
5.1229506,1609325029209
9.670782,1609325029310
7.755102,1609325029412
4.312115,1609325029514
3.4907598,1609325029615
4.7227926,1609325029717
5.9183674,1609325029818
15.65762,1609325029919
25.714287,1609325030021
9.259259,1609325030123
5.327869,1609325030224
3.2854211,1609325030326
2.886598,1609325030428
4.312115,1609325030529
10.288066,1609325030631
7.2016463,1609325030732
4.2857146,1609325030834
4.2857146,1609325030936
3.0864198,1609325031038
4.9281316,1609325031139
5.3497944,1609325031241
15.257732,1609325031342
24.89712,1609325031444
10.743801,1609325031545
6.339468,1609325031647
3.6809816,1609325031749
3.3126295,1609325031850
3.4907598,1609325031952
4.0983605,1609325032054
4.5081964,1609325032156
9.631147,1609325032257
7.8028746,1609325032359
4.0899796,1609325032461
3.7113402,1609325032562
4.312115,1609325032664
5.327869,1609325032766
5.532787,1609325032867
13.5245905,1609325032969
28.629858,1609325033070
10.838446,1609325033172
8.008213,1609325033274
5.510204,1609325033376
4.9281316,1609325033477
4.9382715,1609325033579
4.7325106,1609325033681
13.580246,1609325033782
11.451942,1609325033884
4.3209877,1609325033986
4.0983605,1609325034088
4.329897,1609325034189
4.7131147,1609325034291
12.962963,1609325034392
20.987654,1609325034494
8.506225,1609325034596
7.1283092,1609325034697
4.329897,1609325034799
4.6938777,1609325034901
3.4907598,1609325035002
4.0816326,1609325035104
4.106776,1609325035205
4.106776,1609325035307
6.339468,1609325035408
9.6907215,1609325035509
6.3786006,1609325035611
3.0991735,1609325035713
3.8934424,1609325035815
5.7377048,1609325035916
15.876288,1609325036018
39.587627,1609325036119
12.065439,1609325036221
6.584362,1609325036323
4.303279,1609325036424
3.6960986,1609325036526
3.9094648,1609325036628
4.2944784,1609325036729
10.90535,1609325036831
7.786885,1609325036933
3.4979424,1609325037034
3.7037036,1609325037136
4.7227926,1609325037238
15.226337,1609325037339
25.409836,1609325037441
11.934156,1609325037543
6.5708423,1609325037644
4.2857146,1609325037746
4.2944784,1609325037848
4.312115,1609325037949
4.5081964,1609325038051
5.967078,1609325038153
10.655738,1609325038254
4.517454,1609325038356
3.4979424,1609325038458
4.897959,1609325038560
4.303279,1609325038661
5.544148,1609325038763
14.11043,1609325038865
25.409836,1609325038966
10.838446,1609325039068
5.9793816,1609325039170
5.942623,1609325039271
5.544148,1609325039373
3.9014373,1609325039474
5.714286,1609325039576
9.406953,1609325039678
15.400412,1609325039779
6.004141,1609325039879
4.356847,1609325039980
18.333334,1609325040081
17.489712,1609325040183
19.547325,1609325040284
8.641975,1609325040386
4.9281316,1609325040487
4.9180326,1609325040588
4.338843,1609325040689
3.7113402,1609325040791
8.884297,1609325040892
8.641975,1609325040994
3.6960986,1609325041095
3.6960986,1609325041197
4.329897,1609325041299
4.7131147,1609325041400
4.9281316,1609325041502
14.928426,1609325041603
21.41414,1609325041706
15.843621,1609325041807
7.85124,1609325041908
5.3497944,1609325042008
6.198347,1609325042109
4.742268,1609325042210
4.958678,1609325042311
4.5548654,1609325042412
13.429752,1609325042514
10.950414,1609325042615
4.7325106,1609325042716
4.7227926,1609325042818
4.742268,1609325042919
4.742268,1609325043021
5.773196,1609325043123
13.963039,1609325043224
19.507187,1609325043326
8.179959,1609325043428
5.327869,1609325043529
5.1229506,1609325043631
4.303279,1609325043733
4.5081964,1609325043834
4.9281316,1609325043936
3.9094648,1609325044038
5.338809,1609325044139
11.088296,1609325044241
15.051547,1609325044343
6.9246435,1609325044445
3.2989693,1609325044546
4.5267487,1609325044648
3.8934424,1609325044750
6.748466,1609325044851
13.99177,1609325044953
17.382414,1609325045055
9.221312,1609325045156
6.584362,1609325045258
5.544148,1609325045359
3.9094648,1609325045461
4.887984,1609325045562
4.0983605,1609325045664
3.4979424,1609325045766
3.4907598,1609325045867
4.106776,1609325045969
9.27835,1609325046070
9.240247,1609325046172
4.517454,1609325046274
4.3209877,1609325046375
5.967078,1609325046476
15.70248,1609325046578
26.859505,1609325046680
11.656442,1609325046781
6.3655033,1609325046883
6.134969,1609325046984
5.555556,1609325047086
12.345679,1609325047187
13.292434,1609325047289
6.1601644,1609325047391
4.1152263,1609325047492
4.517454,1609325047594
6.1728396,1609325047695
13.168724,1609325047797
20.576132,1609325047899
9.611452,1609325048000
7.8189297,1609325048102
5.498982,1609325048204
3.4979424,1609325048305
5.749487,1609325048407
3.8934424,1609325048509
5.3497944,1609325048610
14.814815,1609325048712
12.474438,1609325048814
5.1229506,1609325048915
4.3209877,1609325049017
4.9281316,1609325049119
11.7283945,1609325049221
22.15447,1609325049322
10.45082,1609325049424
6.5439672,1609325049526
4.6938777,1609325049628
3.9014373,1609325049729
3.6885247,1609325049831
4.0816326,1609325049933
9.611452,1609325050035
10.224949,1609325050137
4.6938777,1609325050239
4.0899796,1609325050340
3.4979424,1609325050442
3.8934424,1609325050544
6.147541,1609325050645
12.295082,1609325050747
12.320329,1609325050849
25,1609325050951
11.088296,1609325051052
5.749487,1609325051154
5.1546392,1609325051256
6.326531,1609325051357
7.4226804,1609325051459
15.510204,1609325051560
6.9815197,1609325051662
9.631147,1609325051764
4.303279,1609325051865
3.6960986,1609325051967
5.13347,1609325052069
4.7227926,1609325052170
4.4989777,1609325052272
4.98366,1609325053038
10.810811,1609325053138
15.352697,1609325053239
20,1609325053340
10.373445,1609325053441
5.1759834,1609325053541
4.356847,1609325053642
4.9792533,1609325053743
4.5548654,1609325053844
3.526971,1609325053945
4.1407866,1609325054045
3.7500002,1609325054146
4.329897,1609325054247
3.9419088,1609325054347
4.5643153,1609325054448
3.9419088,1609325054549
4.5643153,1609325054650
4.752066,1609325054750
3.92562,1609325054851
4.1407866,1609325054952
3.92562,1609325055052
3.9583333,1609325055153
4.9281316,1609325055254
4.3659043,1609325055355
4.5548654,1609325055456
3.92562,1609325055557
4.5081964,1609325055659
3.9175258,1609325055760
4.9484534,1609325055860
4.149378,1609325055962
4.7619047,1609325056062
4.338843,1609325056163
3.526971,1609325056264
4.5360827,1609325056365
3.9337475,1609325056466
4.968944,1609325056566
4.158004,1609325056667
4.5548654,1609325056768
3.7267082,1609325056869
4.338843,1609325056970
4.347826,1609325057071
3.3195024,1609325057172
4.7619047,1609325057272
4.347826,1609325057373
3.9419088,1609325057474
4.958678,1609325057575
3.9337475,1609325057676
3.5343037,1609325057777
4.1407866,1609325057878
5.1652894,1609325057978
4.338843,1609325058079
4.5548654,1609325058180
4.968944,1609325058281
4.5454545,1609325058382
4.132231,1609325058483
3.742204,1609325058583
4.356847,1609325058684
3.742204,1609325058785
4.958678,1609325058886
4.752066,1609325058987
3.526971,1609325059088
4.132231,1609325059188
3.73444,1609325059289
4.752066,1609325059390
4.5643153,1609325059491
5.1652894,1609325059592
4.9382715,1609325059693
3.5123966,1609325059794
4.329897,1609325059895
3.742204,1609325059996
4.968944,1609325060096
10.330579,1609325060197
9.090909,1609325060298
4.149378,1609325060399
3.9419088,1609325060500
3.9419088,1609325060600
3.9337475,1609325060701
4.375,1609325060802
8.333334,1609325060903
15.113873,1609325061004
32.64463,1609325061105
11.157024,1609325061205
6.860707,1609325061306
4.5360827,1609325061407
5.942623,1609325061508
3.9501042,1609325061609
4.5360827,1609325061710
6.875,1609325061811
10.766046,1609325061912
4.5454545,1609325062012
4.5738044,1609325062113
5.590062,1609325062214
7.6763487,1609325062315
15.495868,1609325062416
33.60996,1609325062517
11.180124,1609325062618
6.61157,1609325062718
5.8212056,1609325062819
4.356847,1609325062920
6.21118,1609325063021
7.010309,1609325063122
15.416667,1609325063222
9.917356,1609325063323
4.356847,1609325063424
5.590062,1609325063525
8.4536085,1609325063626
14.107884,1609325063727
18.219461,1609325063827
10.927835,1609325063928
5.8091288,1609325064029
4.1407866,1609325064130
5.590062,1609325064231
5.967078,1609325064332
4.989605,1609325064433
11.088296,1609325064533
16.216215,1609325064634
7.024793,1609325064735
4.3659043,1609325064836
5.338809,1609325064937
5.590062,1609325065038
8.041237,1609325065139
13.842975,1609325065240
20.74689,1609325065340
10.373445,1609325065441
6.198347,1609325065542
4.149378,1609325065643
4.5643153,1609325065744
4.338843,1609325065845
4.1407866,1609325065945
4.5738044,1609325066046
10.351967,1609325066147
8.659794,1609325066248
4.9484534,1609325066349
4.329897,1609325066450
4.968944,1609325066551
4.958678,1609325066652
5.3719006,1609325066753
9.128631,1609325066854
17.659138,1609325066954
29.098362,1609325067055
11.157024,1609325067156
6.0416665,1609325067257
4.338843,1609325067358
3.9337475,1609325067459
4.123711,1609325067560
4.9382715,1609325067661
9.147609,1609325067761
10.515464,1609325067862
4.338843,1609325067963
4.149378,1609325068064
4.7619047,1609325068165
6.21118,1609325068266
9.27835,1609325068366
16.528925,1609325068467
26.556019,1609325068568
10.144927,1609325068669
6.625259,1609325068770
4.781705,1609325068871
6.3917527,1609325068972
6.029106,1609325069072
19.25466,1609325069173
9.523809,1609325069274
4.5548654,1609325069375
8.057852,1609325069476
12.863071,1609325069577
18.6722,1609325069677
12.577319,1609325069778
6.818182,1609325069879
5.8212056,1609325069980
4.968944,1609325070081
5.8091288,1609325070182
10.330579,1609325070282
16.597511,1609325070383
6.625259,1609325070484
4.149378,1609325070585
5.1975055,1609325070686
8.488612,1609325070787
14.078675,1609325070887
20.454546,1609325070988
10.950414,1609325071089
5.1759834,1609325071190
4.356847,1609325071291
4.356847,1609325071391
3.5416667,1609325071492
4.9484534,1609325071593
10.788382,1609325071694
8.713694,1609325071795
4.5360827,1609325071896
4.158004,1609325071996
4.5360827,1609325072097
5.8091288,1609325072198
9.730848,1609325072299
20.73922,1609325072400
22.964508,1609325072501
10.602911,1609325072601
6.185567,1609325072702
4.149378,1609325072803
4.123711,1609325072904
5.9917355,1609325073004
12.655602,1609325073105
5.6133056,1609325073206
5.1652894,1609325073307
4.132231,1609325073408
5.1652894,1609325073508
8.902691,1609325073609
13.513513,1609325073710
31.40496,1609325073811
12.164948,1609325073912
7.024793,1609325074013
6.832298,1609325074114
5.4054055,1609325074215
5.394191,1609325074315
13.319673,1609325074416
13.721414,1609325074517
6.237006,1609325074618
4.7619047,1609325074719
6.444906,1609325074820
8.281573,1609325074920
23.868313,1609325075021
11.850311,1609325075122
6.846473,1609325075223
4.5548654,1609325075324
4.149378,1609325075425
4.5548654,1609325075526
4.5267487,1609325075626
5.1546392,1609325075727
11.387163,1609325075828
7.85124,1609325075929
3.9583333,1609325076030
4.5548654,1609325076131
4.3659043,1609325076231
5.60166,1609325076332
9.504132,1609325076433
27.557411,1609325076534
18.144331,1609325076634
9.355509,1609325076735
6.198347,1609325076836
5.3719006,1609325076937
6.004141,1609325077038
6.444906,1609325077139
17.28395,1609325077240
10.625,1609325077340
4.989605,1609325077441
4.356847,1609325077542
5.383023,1609325077643
9.523809,1609325077744
14.669421,1609325077844
20.082815,1609325077945
8.902691,1609325078046
5.590062,1609325078147
4.5548654,1609325078248
5.144033,1609325078349
4.5643153,1609325078450
5.3608246,1609325078550
3.3264034,1609325078651
9.504132,1609325078752
9.751038,1609325078853
4.5454545,1609325078954
4.356847,1609325079055
4.781705,1609325079155
5.1867223,1609325079256
9.917356,1609325079357
16.458334,1609325079458
36.960987,1609325079559
10.515464,1609325079660
7.4226804,1609325079761
5.1975055,1609325079862
4.989605,1609325079962
5.1759834,1609325080063
9.543569,1609325080164
16.70103,1609325080265
7.231405,1609325080366
4.5738044,1609325080466
5.1652894,1609325080567
7.628866,1609325080668
6.846473,1609325080769
23.858921,1609325080870
12.6294,1609325080971
6.8041234,1609325081071
5.3608246,1609325081172
4.958678,1609325081273
3.9337475,1609325081374
4.329897,1609325081475
13.043478,1609325081576
6.198347,1609325081677
5.1652894,1609325081777
4.5548654,1609325081878
4.752066,1609325081979
6.6390047,1609325082080
14.285715,1609325082181
37.26708,1609325082282
12.0331955,1609325082382
8.884297,1609325082483
6.6390047,1609325082584
4.356847,1609325082685
5.9917355,1609325082786
6.832298,1609325082886
19.294605,1609325082987
6.121473,1609325083424
12.219959,1609325083525
18.87967,1609325083627
12.371134,1609325083728
6.5708423,1609325083830
6.734694,1609325083932
6.5708423,1609325084033
5.555556,1609325084135
11.99187,1609325084237
17.213116,1609325084339
5.3608246,1609325084441
4.312115,1609325084542
6.352459,1609325084644
8.436214,1609325084746
11.656442,1609325084847
23.700623,1609325084948
11.134021,1609325085050
5.338809,1609325085151
4.517454,1609325085253
5.1546392,1609325085354
4.5267487,1609325085456
4.303279,1609325085558
10.224949,1609325085659
9.221312,1609325085761
4.907975,1609325085863
5.7377048,1609325085964
4.7325106,1609325086066
5.544148,1609325086168
15.0205765,1609325086269
12.295082,1609325086371
27.366253,1609325086473
9.240247,1609325086574
5.7377048,1609325086676
5.338809,1609325086778
4.7131147,1609325086879
5.1124744,1609325086981
5.9548254,1609325087083
11.293634,1609325087184
6.557377,1609325087286
4.9484534,1609325087388
4.5081964,1609325087490
4.7227926,1609325087591
6.7761807,1609325087693
9.240247,1609325087794
23.917526,1609325087896
25.714287,1609325087998
10.472279,1609325088099
6.9815197,1609325088201
5.967078,1609325088303
5.725971,1609325088404
5.544148,1609325088506
15.70248,1609325088608
12.295082,1609325088709
5.3497944,1609325088811
4.9281316,1609325088913
4.9281316,1609325089014
7.2016463,1609325089116
8.4536085,1609325089217
23.721882,1609325089319
10.927835,1609325089421
9.053497,1609325089522
5.9548254,1609325089624
5.7377048,1609325089726
5.338809,1609325089827
5.942623,1609325089929
16.837782,1609325090031
12.577319,1609325090132
5.9548254,1609325090234
4.5360827,1609325090335
4.958678,1609325090437
7.597536,1609325090538
8.62423,1609325090640
13.99177,1609325090742
21.92623,1609325090843
9.670782,1609325090945
5.3497944,1609325091047
6.557377,1609325091148
5.13347,1609325091250
5.9548254,1609325091352
6.1728396,1609325091454
16.122448,1609325091555
11.704312,1609325091657
5.555556,1609325091759
4.123711,1609325091860
6.1728396,1609325091962
8.179959,1609325092064
14.460285,1609325092165
22.245321,1609325092266
10.144927,1609325092367
5.1867223,1609325092468
4.347826,1609325092569
4.1407866,1609325092670
4.3209877,1609325092771
5.7377048,1609325092873
11.909651,1609325092974
7.4226804,1609325093076
5.1229506,1609325093178
4.3209877,1609325093279
5.327869,1609325093381
6.3655033,1609325093483
16.359919,1609325093585
19.959267,1609325093686
22.061855,1609325093787
9.504132,1609325093889
4.7227926,1609325093991
5.544148,1609325094092
4.1152263,1609325094194
4.7227926,1609325094296
12.678936,1609325094398
7.3469386,1609325094499
4.5360827,1609325094601
5.3497944,1609325094703
7.1721306,1609325094805
8.606558,1609325094906
33.880905,1609325095008
12.757201,1609325095110
8.829569,1609325095212
8.77551,1609325095313
4.742268,1609325095415
5.532787,1609325095516
6.5708423,1609325095618
16.70103,1609325095720
10.061602,1609325095822
5.327869,1609325095923
5.9548254,1609325096025
5.785124,1609325096127
9.4262295,1609325096229
17.489712,1609325096330
15.510204,1609325096432
8.659794,1609325096534
4.9180326,1609325096635
5.3061223,1609325096737
4.9382715,1609325096839
5.102041,1609325096941
5.327869,1609325097042
9.856263,1609325097144
8.847736,1609325097246
4.7131147,1609325097347
5.13347,1609325097449
5.144033,1609325097551
6.9387755,1609325097652
9.4262295,1609325097754
17.113403,1609325097856
33.880905,1609325097958
10.040983,1609325098059
6.3655033,1609325098161
4.9281316,1609325098263
4.1152263,1609325098365
4.5081964,1609325098467
10.90535,1609325098568
8.4536085,1609325098670
4.9180326,1609325098772
4.7034764,1609325098873
5.967078,1609325098975
7.8028746,1609325099077
14.519427,1609325099178
29.243353,1609325099280
12.55144,1609325099382
9.016393,1609325099484
4.329897,1609325099585
5.7377048,1609325099687
4.303279,1609325099789
4.517454,1609325099891
8.384458,1609325099992
11.4754095,1609325100094
4.7325106,1609325100196
5.544148,1609325100297
5.327869,1609325100399
5.13347,1609325100501
9.016393,1609325100602
14.549181,1609325100704
27.5154,1609325100806
11.934156,1609325100908
7.786885,1609325101010
5.5214725,1609325101111
4.7325106,1609325101213
3.9094648,1609325101315
3.6885247,1609325101416
9.4262295,1609325101518
11.065574,1609325101620
4.7325106,1609325101722
5.327869,1609325101823
4.7325106,1609325101925
5.532787,1609325102027
9.836065,1609325102129
14.723927,1609325102230
28.92562,1609325102332
11.428572,1609325102434
6.8041234,1609325102535
6.134969,1609325102637
4.5081964,1609325102739
4.123711,1609325102841
5.13347,1609325102942
4.5081964,1609325103044
4.517454,1609325103145
5.555556,1609325103247
5.327869,1609325103349
9.856263,1609325103450
9.221312,1609325103552
5.1124744,1609325103654
4.329897,1609325103756
6.339468,1609325103857
7.5664625,1609325103959
8.436214,1609325104061
23.312883,1609325104162
15.637859,1609325104264
17.695473,1609325104366
6.7622952,1609325104467
4.7325106,1609325104569
5.544148,1609325104671
4.9281316,1609325104772
5.532787,1609325104874
6.313646,1609325104975
4.7325106,1609325105077
5.532787,1609325105179
5.13347,1609325105280
4.5360827,1609325105382
5.338809,1609325105484
5.3497944,1609325105585
4.9382715,1609325105687
5.1229506,1609325105788
5.1229506,1609325105890
7.1721306,1609325105992
18.069817,1609325106093
8.041237,1609325106195
7.3770494,1609325106297
5.9548254,1609325106398
10.224949,1609325106500
14.609054,1609325106602
14.168377,1609325106703
21.649485,1609325106805
10.655738,1609325106907
12.55144,1609325107008
8.196721,1609325107110
4.7325106,1609325107212
5.1124744,1609325107313
5.7377048,1609325107415
4.9484534,1609325107517
5.13347,1609325107618
5.3497944,1609325107719
5.7377048,1609325107821
4.907975,1609325107923
4.9281316,1609325108025
4.9281316,1609325108126
5.13347,1609325108228
5.338809,1609325108330
5.7377048,1609325108431
4.7227926,1609325108533
4.5267487,1609325108635
5.327869,1609325108736
4.9382715,1609325108838
6.1601644,1609325108940
5.942623,1609325109041
4.9281316,1609325109143
4.7227926,1609325109245
5.7377048,1609325109346
5.1229506,1609325109448
5.338809,1609325109550
5.510204,1609325109651
5.13347,1609325109753
3.9175258,1609325109855
5.749487,1609325109957
5.1124744,1609325110058
5.338809,1609325110160
5.532787,1609325110261
5.13347,1609325110363
4.106776,1609325110465
5.102041,1609325110567
7.6131687,1609325110668
9.856263,1609325110770
4.5360827,1609325110872
4.5267487,1609325110973
4.3209877,1609325111075
4.9281316,1609325111177
7.3619633,1609325111278
9.406953,1609325111380
10.927835,1609325111482
8.77551,1609325111583
5.327869,1609325111685
5.785124,1609325111787
4.9281316,1609325111888
5.555556,1609325111989
5.967078,1609325112091
8.62423,1609325112192
8.230453,1609325112294
4.517454,1609325112396
4.1152263,1609325112497
5.7377048,1609325112599
7.628866,1609325112700
8.008213,1609325112802
4.5360827,1609325112904
4.5081964,1609325113005
6.557377,1609325113107
5.3497944,1609325113208
5.3497944,1609325113310
5.749487,1609325113411
4.9382715,1609325113513
4.7227926,1609325113615
6.5708423,1609325113716
9.650924,1609325113818
3.6960986,1609325113920
4.7227926,1609325114022
6.8041234,1609325114123
5.749487,1609325114225
4.9382715,1609325114326
4.312115,1609325114428
4.7131147,1609325114530
4.0899796,1609325114631
4.1152263,1609325114733
4.312115,1609325114835
3.292181,1609325114936
1.4314928,1609325115038
1.2320329,1609325115139
1.0245901,1609325115241
4.106776,1609325115343
4.2857146,1609325115444
5.555556,1609325115546
1.026694,1609325115648
1.4314928,1609325115749
5.338809,1609325115851
1.6359918,1609325115953
5.544148,1609325116054
2.2633743,1609325116156
1.0288066,1609325116257
2.2540982,1609325116359
2.258727,1609325116461
2.0449898,1609325116562
2.6748972,1609325116664
2.4691358,1609325116765
1.6427106,1609325116866
6.5979385,1609325116968
3.4907598,1609325117070
1.6427106,1609325117171
1.2345679,1609325117273
1.4403292,1609325117374
6.1601644,1609325117476
1.2295082,1609325117578
5.761317,1609325117679
5.555556,1609325117781
1.8404908,1609325117882
1.2345679,1609325117984
2.0491803,1609325118085
3.4907598,1609325118187
3.6885247,1609325118288
1.443299,1609325118390
1.2345679,1609325118491
3.0800822,1609325118593
3.0800822,1609325118695
1.6427106,1609325118796
1.4344262,1609325118898
1.0288066,1609325118999
1.6460905,1609325119101
1.0224949,1609325119203
1.2345679,1609325119304
1.2371134,1609325119405
2.4590163,1609325119507
1.4373717,1609325119609
2.2633743,1609325119710
1.4373717,1609325119812
0.8213553,1609325119913
2.479339,1609325120015
2.4590163,1609325120116
1.6427106,1609325120218
2.0449898,1609325120320
1.6427106,1609325120421
2.0618556,1609325120522
1.4344262,1609325120624
1.0288066,1609325120725
1.6393442,1609325120827
0.82304525,1609325120928
2.479339,1609325121030
2.4640658,1609325121131
1.0245901,1609325121233
1.4373717,1609325121334
1.6359918,1609325121436
1.4285715,1609325121538
2.0491803,1609325121639
2.0576131,1609325121740
1.8480493,1609325121842
0.82304525,1609325121944
2.6639345,1609325122045
2.8806584,1609325122147
2.2540982,1609325122248
1.0245901,1609325122350
2.4691358,1609325122451
2.6694045,1609325122553
2.6804123,1609325122654
1.0309278,1609325122755
1.4373717,1609325122857
0.8247423,1609325122958
2.0449898,1609325123060
1.2295082,1609325123162
1.2345679,1609325123263
2.2540982,1609325123365
4.7325106,1609325123466
7.010309,1609325123568
4.7227926,1609325123669
4.9382715,1609325123771
2.886598,1609325123872
1.4373717,1609325123974
2.0661156,1609325124075
2.6639345,1609325124177
1.4373717,1609325124278
1.2448133,1609325124379
2.0576131,1609325124481
5.555556,1609325124582
1.8518518,1609325124684
1.6393442,1609325124785
1.2345679,1609325124887
0.82304525,1609325124988
1.6427106,1609325125090
1.2320329,1609325125191
1.6528925,1609325125293
2.2540982,1609325125394
3.292181,1609325125495
4.742268,1609325125597
3.6885247,1609325125698
1.4403292,1609325125800
1.8442624,1609325125901
4.5081964,1609325126003
1.443299,1609325126105
1.4344262,1609325126206
1.6427106,1609325126308
1.2295082,1609325126409
6.790123,1609325126511
1.6427106,1609325126613
3.0800822,1609325126714
6.3917527,1609325126816
2.8806584,1609325126917
1.632653,1609325127019
1.2371134,1609325127120
2.053388,1609325127222
1.4344262,1609325127323
1.2269938,1609325127425
1.2396694,1609325127526
1.026694,1609325127628
2.0576131,1609325127729
1.2371134,1609325127831
1.6427106,1609325127932
1.8442624,1609325128033
2.6748972,1609325128135
0.8247423,1609325128236
1.026694,1609325128338
1.4344262,1609325128439
1.6393442,1609325128541
1.0288066,1609325128643
1.4314928,1609325128744
1.2320329,1609325128846
1.8442624,1609325128947
1.6427106,1609325129049
2.4590163,1609325129150
3.9014373,1609325129252
1.2295082,1609325129353
1.0288066,1609325129455
1.6427106,1609325129557
1.2269938,1609325129658
1.4314928,1609325129760
2.0491803,1609325129861
1.026694,1609325129963
1.0288066,1609325130064
3.7113402,1609325130165
1.2345679,1609325130267
1.6528925,1609325130368
1.2295082,1609325130470
1.2345679,1609325130571
1.4403292,1609325130672
5.544148,1609325130774
2.4691358,1609325130876
1.632653,1609325130977
2.4590163,1609325131079
3.0927835,1609325131180
1.6460905,1609325131281
5.13347,1609325131383
4.338843,1609325131484
4.1152263,1609325131586
0.8247423,1609325131688
3.4907598,1609325131789
6.3786006,1609325131891
4.5267487,1609325131992
1.8480493,1609325132094
1.2371134,1609325132196
1.0245901,1609325132297
1.4373717,1609325132399
0.8247423,1609325132500
1.6359918,1609325132602
5.725971,1609325132703
3.2854211,1609325132805
1.6359918,1609325132907
1.8404908,1609325133008
1.0245901,1609325133110
1.026694,1609325133211
1.6427106,1609325133313
1.8442624,1609325133415
1.4344262,1609325133516
1.2320329,1609325133618
0.6185567,1609325133719
1.6393442,1609325133821
0.8247423,1609325133923
1.4314928,1609325134024
3.2989693,1609325134125
1.2320329,1609325134226
1.2396694,1609325134328
1.2396694,1609325134429
0.6185567,1609325134531
1.4373717,1609325134632
0.82644624,1609325134733
1.2269938,1609325134835
1.443299,1609325134936
1.2320329,1609325135038
2.053388,1609325135139
3.292181,1609325135241
2.0491803,1609325135343
0.8213553,1609325135444
1.4314928,1609325135546
1.0330578,1609325135647
1.2295082,1609325135749
1.0309278,1609325135851
1.0288066,1609325135952
3.2854211,1609325136054
1.6393442,1609325136155
1.2269938,1609325136257
1.4403292,1609325136359
5.3061223,1609325136460
4.9484534,1609325136562
5.338809,1609325136663
2.6804123,1609325136765
1.0245901,1609325136866
6.3655033,1609325136968
2.886598,1609325137069
1.4403292,1609325137171
2.2633743,1609325137272
6.557377,1609325137374
1.4344262,1609325137476
4.5360827,1609325137577
4.312115,1609325137679
0.82304525,1609325137780
1.6393442,1609325137882
1.0309278,1609325137984
1.8442624,1609325138085
1.4373717,1609325138187
0.82304525,1609325138288
2.6804123,1609325138389
2.886598,1609325138491
7.1574645,1609325138592
3.305785,1609325138694
1.8367347,1609325138795
1.4344262,1609325138897
4.9281316,1609325138999
2.4742267,1609325139100
4.517454,1609325139202
6.21118,1609325139303
3.305785,1609325139404
1.6393442,1609325139506
1.0288066,1609325139608
1.6393442,1609325139709
1.0245901,1609325139811
3.9094648,1609325139912
6.7761807,1609325140014
2.2680414,1609325140115
3.9175258,1609325140217
3.9094648,1609325140318
5.9917355,1609325140419
3.7190084,1609325140521
1.2345679,1609325140623
1.4344262,1609325140724
1.2345679,1609325140826
0.82304525,1609325140927
1.4373717,1609325141029
1.2295082,1609325141130
1.6393442,1609325141232
2.8806584,1609325141334
2.8806584,1609325141435
1.4314928,1609325141537
3.2989693,1609325141639
4.7325106,1609325141740
6.3786006,1609325141842
5.1229506,1609325141943
4.9382715,1609325142045
1.4373717,1609325142146
1.026694,1609325142248
1.4373717,1609325142350
1.026694,1609325142451
1.4344262,1609325142553
1.6393442,1609325142655
1.2295082,1609325142756
3.6885247,1609325142858
0.8247423,1609325142959
1.2320329,1609325143061
1.2345679,1609325143163
1.2269938,1609325143264
1.2345679,1609325143366
1.4403292,1609325143467
1.446281,1609325143568
1.2371134,1609325143669
1.2269938,1609325143771
1.2371134,1609325143873
1.6393442,1609325143974
2.0618556,1609325144076
1.2320329,1609325144177
1.026694,1609325144279
1.4373717,1609325144381
0.8706467,1609325144548
1.2474012,1609325144650
2.0408163,1609325144751
1.8404908,1609325144853
1.4344262,1609325144954
2.2680414,1609325145056
1.4373717,1609325145157
1.2345679,1609325145259
1.4344262,1609325145360
1.0309278,1609325145461
3.0737705,1609325145563
5.725971,1609325145664
2.6804123,1609325145766
1.0288066,1609325145867
6.584362,1609325145969
3.5051546,1609325146070
1.629328,1609325146172
1.6494846,1609325146273
1.2345679,1609325146375
1.0245901,1609325146477
2.0449898,1609325146578
1.8480493,1609325146679
1.8595042,1609325146781
2.2633743,1609325146882
6.339468,1609325146984
2.0491803,1609325147086
4.312115,1609325147187
4.7325106,1609325147289
6.7761807,1609325147390
4.347826,1609325147492
1.4314928,1609325147594
6.1601644,1609325147695
1.0288066,1609325147797
3.4764826,1609325147898
1.2371134,1609325147999
1.8480493,1609325148101
3.7113402,1609325148202
3.0800822,1609325148304
1.8442624,1609325148405
1.0309278,1609325148507
1.0288066,1609325148608
1.4344262,1609325148710
4.5360827,1609325148811
3.292181,1609325148913
1.6494846,1609325149014
3.6960986,1609325149116
4.9281316,1609325149217
4.9382715,1609325149319
4.3209877,1609325149420
0.61728394,1609325149522
1.4403292,1609325149623
1.446281,1609325149724
3.6960986,1609325149826
5.9548254,1609325149927
1.4403292,1609325150029
1.4344262,1609325150131
1.8480493,1609325150232
2.2680414,1609325150334
1.8404908,1609325150436
1.2295082,1609325150537
2.2633743,1609325150639
2.6530612,1609325150741
1.0309278,1609325150842
1.0309278,1609325150944
1.4344262,1609325151045
1.4403292,1609325151147
1.4403292,1609325151248
1.026694,1609325151350
1.2320329,1609325151452
2.0408163,1609325151553
1.6460905,1609325151655
1.8442624,1609325151756
0.8213553,1609325151858
2.857143,1609325151960
1.2269938,1609325152061
1.0288066,1609325152163
1.2320329,1609325152265
1.2295082,1609325152366
1.6393442,1609325152468
1.4344262,1609325152570
1.6427106,1609325152671
1.6393442,1609325152773
1.8404908,1609325152874
1.8480493,1609325152976
0.82644624,1609325153077
1.0288066,1609325153179
1.4403292,1609325153280
1.2295082,1609325153382
0.82644624,1609325153483
1.4403292,1609325153585
1.8480493,1609325153686
0.6198347,1609325153788
1.026694,1609325153889
3.0864198,1609325153991
2.053388,1609325154093
1.2320329,1609325154195
3.6885247,1609325154296
1.8518518,1609325154398
1.8442624,1609325154499
1.4403292,1609325154601
2.0576131,1609325154702
1.8518518,1609325154804
2.0491803,1609325154905
6.0165977,1609325155006
3.8854804,1609325155108
6.198347,1609325155209
3.292181,1609325155311
2.4590163,1609325155413
4.5267487,1609325155514
4.347826,1609325155616
3.0674846,1609325155717
2.4742267,1609325155819
3.2989693,1609325155921
2.4390242,1609325156022
2.4640658,1609325156124
3.0864198,1609325156225
1.2295082,1609325156327
1.2320329,1609325156429
1.6393442,1609325156530
1.8367347,1609325156632
3.9094648,1609325156733
3.7190084,1609325156835
2.0491803,1609325156936
1.4373717,1609325157038
5.1229506,1609325157139
3.2989693,1609325157241
2.0408163,1609325157343
4.9382715,1609325157445
2.6804123,1609325157546
4.2944784,1609325157648
0.8247423,1609325157749
5.942623,1609325157851
6.8041234,1609325157953
3.292181,1609325158054
1.6494846,1609325158156
3.7113402,1609325158257
1.242236,1609325158358
1.6359918,1609325158460
0.82644624,1609325158561
1.6427106,1609325158663
1.0288066,1609325158764
1.2345679,1609325158866
2.6639345,1609325158968
2.258727,1609325159069
2.0491803,1609325159171
4.5267487,1609325159272
3.92562,1609325159374
1.4373717,1609325159475
4.7325106,1609325159577
4.752066,1609325159678
5.725971,1609325159780
4.347826,1609325159881
6.4049587,1609325159982
14.049586,1609325160084
9.917356,1609325160186
5.338809,1609325160287
1.2345679,1609325160389
1.4373717,1609325160490
1.0309278,1609325160592
1.8442624,1609325160693
1.4373717,1609325160795
0.8247423,1609325160896
0.8247423,1609325160998
1.6393442,1609325161099
1.6393442,1609325161201
1.6427106,1609325161302
0.8213553,1609325161404
1.6393442,1609325161506
2.0408163,1609325161607
1.0245901,1609325161709
1.6460905,1609325161810
0.8247423,1609325161912
1.6494846,1609325162013
0.6185567,1609325162115
1.4314928,1609325162216
1.6427106,1609325162318
1.026694,1609325162419
1.6494846,1609325162520
1.2371134,1609325162622
1.6427106,1609325162723
0.82304525,1609325162825
2.2540982,1609325162926
1.2295082,1609325163028
1.2345679,1609325163130
1.4403292,1609325163231
2.0366597,1609325163333
1.0309278,1609325163434
1.2295082,1609325163536
1.6393442,1609325163638
1.4314928,1609325163739
2.0576131,1609325163841
0.6185567,1609325163942
1.6393442,1609325164044
1.6393442,1609325164146
1.6393442,1609325164247
3.5123966,1609325164348
1.4403292,1609325164450
1.4373717,1609325164551
7.024793,1609325164652
1.4403292,1609325164754
1.0309278,1609325164855
1.6393442,1609325164957
1.2295082,1609325165059
1.0309278,1609325165160
3.8934424,1609325165262
5.578512,1609325165363
1.6393442,1609325165465
2.258727,1609325165566
2.4590163,1609325165668
1.0288066,1609325165770
1.4373717,1609325165871
1.6427106,1609325165972
2.4590163,1609325166074
1.2345679,1609325166176
1.026694,1609325166277
1.8442624,1609325166379
3.6885247,1609325166481
6.1728396,1609325166582
1.4373717,1609325166684
1.6393442,1609325166785
1.4373717,1609325166887
4.9382715,1609325166989
0.61728394,1609325167090
2.0449898,1609325167192
2.2633743,1609325167294
4.9382715,1609325167395
4.3209877,1609325167497
4.9281316,1609325167598
6.967213,1609325167700
1.8442624,1609325167801
1.4403292,1609325167903
1.8367347,1609325168005
1.0288066,1609325168106
1.6427106,1609325168208
3.292181,1609325168309
1.026694,1609325168411
4.9281316,1609325168512
4.3209877,1609325168614
6.5708423,1609325168715
4.7227926,1609325168817
1.4403292,1609325168918
3.7037036,1609325169020
5.967078,1609325169121
6.3655033,1609325169223
3.9175258,1609325169324
4.3209877,1609325169426
1.6359918,1609325169527
5.785124,1609325169628
4.958678,1609325169730
1.0288066,1609325169831
1.6427106,1609325169933
1.4373717,1609325170034
1.6393442,1609325170136
1.2320329,1609325170238
1.2295082,1609325170340
1.4344262,1609325170441
1.0224949,1609325170543
1.6494846,1609325170645
0.8213553,1609325170746
1.2295082,1609325170848
1.6427106,1609325170949
1.4373717,1609325171051
1.4373717,1609325171152
1.4344262,1609325171254
2.0449898,1609325171356
1.026694,1609325171457
1.0288066,1609325171559
1.2371134,1609325171660
1.6393442,1609325171761
1.0309278,1609325171863
1.4403292,1609325171964
1.6460905,1609325172065
1.2345679,1609325172166
1.0330578,1609325172268
1.6359918,1609325172369
1.2320329,1609325172470
1.8480493,1609325172571
1.6460905,1609325172672
1.242236,1609325172773
1.242236,1609325172874
1.6528925,1609325172975
1.4403292,1609325173076
1.0351967,1609325173177
1.2396694,1609325173278
1.6528925,1609325173379
3.0927835,1609325173479
2.8985507,1609325173580
1.0373445,1609325173681
1.443299,1609325173782
3.1120331,1609325173883
4.752066,1609325173984
2.053388,1609325174085
1.242236,1609325174186
1.2371134,1609325174287
6.418219,1609325174387
3.5123966,1609325174488
1.8595042,1609325174589
3.5196688,1609325174690
2.8806584,1609325174791
3.0991735,1609325174892
1.446281,1609325174993
3.5051546,1609325175093
1.0989012,1609325175208
4.329897,1609325175310
1.8480493,1609325175411
1.4403292,1609325175512
0.8213553,1609325175614
1.6460905,1609325175715
1.0309278,1609325175816
1.4403292,1609325175917
2.479339,1609325176017
3.118503,1609325176118
1.446281,1609325176220
1.2320329,1609325176321
2.0661156,1609325176423
1.443299,1609325176524
5.144033,1609325176626
1.6427106,1609325176727
1.6393442,1609325176828
3.4836066,1609325176930
4.3209877,1609325177031
3.4979424,1609325177132
1.2345679,1609325177233
3.9419088,1609325177333
6.8041234,1609325177434
6.458333,1609325177535
1.8633541,1609325177636
1.8556701,1609325177737
1.6494846,1609325177837
1.2448133,1609325177938
3.73444,1609325178039
2.0618556,1609325178140
3.9175258,1609325178241
5.219207,1609325178342
1.0309278,1609325178443
3.3126295,1609325178544
1.8595042,1609325178645
3.3126295,1609325178745
1.8633541,1609325178846
3.9419088,1609325178947
2.9045644,1609325179048
0.83160084,1609325179149
1.2396694,1609325179250
1.0373445,1609325179351
0.82644624,1609325179452
1.8556701,1609325179552
1.8480493,1609325179653
1.242236,1609325179754
1.0373445,1609325179855
1.446281,1609325179956
2.0491803,1609325180057
1.4403292,1609325180157
1.8556701,1609325180258
1.242236,1609325180359
1.242236,1609325180460
1.0330578,1609325180561
1.242236,1609325180662
0.82644624,1609325180762
0.8298756,1609325180863
2.0618556,1609325180964
1.446281,1609325181065
1.446281,1609325181166
1.0330578,1609325181267
1.443299,1609325181368
1.0351967,1609325181469
0.62240666,1609325181570
1.8556701,1609325181670
1.242236,1609325181772
1.0288066,1609325181873
0.82644624,1609325181974
1.8518518,1609325182075
1.2320329,1609325182176
0.82815737,1609325182277
1.4492754,1609325182378
1.443299,1609325182479
1.2371134,1609325182581
1.2345679,1609325182682
1.446281,1609325182783
0.82304525,1609325182884
3.0800822,1609325182985
1.6494846,1609325183086
3.305785,1609325183187
3.305785,1609325183288
1.2396694,1609325183389
2.053388,1609325183490
1.2345679,1609325183592
1.8556701,1609325183693
1.8480493,1609325183794
1.0309278,1609325183895
1.4492754,1609325183996
1.242236,1609325184097
3.7190084,1609325184198
1.0309278,1609325184299
3.0864198,1609325184400
6.21118,1609325184501
5.1652894,1609325184602
1.0330578,1609325184703
1.0416667,1609325184804
1.0309278,1609325184905
3.526971,1609325185006
3.305785,1609325185107
5.1759834,1609325185208
3.742204,1609325185309
3.9094648,1609325185410
1.0330578,1609325185511
1.242236,1609325185612
0.82815737,1609325185713
0.82815737,1609325185814
2.4742267,1609325185915
1.443299,1609325186016
2.892562,1609325186117
3.9501042,1609325186218
3.742204,1609325186319
3.5051546,1609325186420
5.8212056,1609325186521
3.7113402,1609325186622
3.2989693,1609325186723
1.2345679,1609325186824
1.4522822,1609325186925
1.443299,1609325187026
2.6804123,1609325187127
1.4522822,1609325187228
2.2821577,1609325187329
1.0330578,1609325187430
0.8298756,1609325187530
1.443299,1609325187631
0.8298756,1609325187732
3.0991735,1609325187833
4.5643153,1609325187934
2.9045644,1609325188035
3.526971,1609325188136
3.5196688,1609325188237
1.0351967,1609325188338
1.0373445,1609325188439
0.62240666,1609325188540
2.0618556,1609325188640
1.242236,1609325188741
1.0330578,1609325188842
1.0351967,1609325188943
1.0309278,1609325189044
0.8298756,1609325189145
1.2371134,1609325189246
2.2633743,1609325189347
1.0373445,1609325189447
0.8298756,1609325189548
1.0351967,1609325189649
1.8595042,1609325189749
1.0373445,1609325189850
1.0373445,1609325189950
1.25,1609325190051
1.2448133,1609325190152
1.0351967,1609325190252
0.8298756,1609325190353
1.2474012,1609325190454
1.2396694,1609325190554
1.2448133,1609325190655
1.2474012,1609325190755
1.446281,1609325190856
1.2448133,1609325190957
1.0373445,1609325191057
1.8595042,1609325191158
1.0351967,1609325191259
0.625,1609325191359
1.2396694,1609325191460
1.4553014,1609325191561
1.0351967,1609325191661
1.446281,1609325191762
0.83160084,1609325191863
4.9792533,1609325191963
3.526971,1609325192064
4.1841006,1609325192165
3.5196688,1609325192266
3.526971,1609325192366
1.4492754,1609325192467
5.1867223,1609325192568
7.024793,1609325192668
0.8298756,1609325192769
3.5123966,1609325192870
2.258727,1609325192971
1.6494846,1609325193071
2.7027028,1609325193172
1.242236,1609325193273
1.0373445,1609325193374
1.6460905,1609325193474
0.625,1609325193575
2.0703933,1609325193676
3.0991735,1609325193776
1.0416667,1609325193877
2.6859503,1609325193978
1.242236,1609325194078
3.3264034,1609325194179
4.7717843,1609325194280
2.6859503,1609325194381
1.0309278,1609325194481
4.149378,1609325194582
5.1975055,1609325194683
4.968944,1609325194783
6.2761507,1609325194884
6.625259,1609325194985
4.7619047,1609325195085
3.3264034,1609325195186
0.8298756,1609325195287
3.0991735,1609325195388
1.242236,1609325195488
1.0351967,1609325195589
1.6563147,1609325195690
1.6494846,1609325195790
1.4492754,1609325195891
0.82644624,1609325195992
4.7619047,1609325196093
6.6528068,1609325196193
6.237006,1609325196294
5.1867223,1609325196395
2.6970954,1609325196495
2.074689,1609325196596
2.4896266,1609325196697
1.2396694,1609325196797
1.2448133,1609325196898
3.3195024,1609325196999
4.166667,1609325197100
1.8518518,1609325197201
1.2396694,1609325197301
0.6237006,1609325197402
2.0618556,1609325197503
0.62240666,1609325197603
1.0351967,1609325197704
1.6563147,1609325197805
1.4492754,1609325197905
1.4522822,1609325198006
1.2371134,1609325198107
1.242236,1609325198208
1.2396694,1609325198308
0.83160084,1609325198409
1.2396694,1609325198510
1.6563147,1609325198610
1.2474012,1609325198711
1.6460905,1609325198812
1.6528925,1609325198912
0.6237006,1609325199013
1.0351967,1609325199114
1.0351967,1609325199215
1.039501,1609325199316
1.0373445,1609325199416
0.82815737,1609325199517
1.242236,1609325199618
0.6237006,1609325199719
1.242236,1609325199820
1.2396694,1609325199921
1.8556701,1609325200022
1.446281,1609325200122
1.0309278,1609325200223
1.0373445,1609325200324
1.0330578,1609325200425
2.2821577,1609325200526
2.2633743,1609325200627
1.6528925,1609325200727
1.8518518,1609325200828
4.3659043,1609325200929
1.4522822,1609325201030
1.4492754,1609325201131
0.621118,1609325201232
3.0991735,1609325201333
2.892562,1609325201433
3.73444,1609325201534
1.0373445,1609325201635
1.0351967,1609325201736
1.6427106,1609325201837
1.446281,1609325201938
1.0351967,1609325202039
1.443299,1609325202140
3.7267082,1609325202241
1.443299,1609325202342
2.886598,1609325202442
1.2396694,1609325202543
3.9419088,1609325202644
5.60166,1609325202745
1.6563147,1609325202846
4.752066,1609325202946
4.1407866,1609325203047
4.5643153,1609325203148
4.149378,1609325203249
0.82815737,1609325203350
3.1120331,1609325203450
6.0165977,1609325203551
1.039501,1609325203652
1.4403292,1609325203753
1.446281,1609325203854
1.2396694,1609325203954
1.4553014,1609325204055
1.446281,1609325204156
2.0618556,1609325204257
6.004141,1609325204358
2.479339,1609325204459
1.86722,1609325204560
4.968944,1609325204660
6.237006,1609325204761
6.4315357,1609325204862
2.0703933,1609325204962
3.10559,1609325205063
5.3497944,1609325205164
4.7717843,1609325205265
5.327869,1609325205366
6.6528068,1609325205466
2.4948025,1609325205567
1.4492754,1609325205668
1.242236,1609325205769
1.0330578,1609325205870
1.6460905,1609325205971
3.305785,1609325206071
4.132231,1609325206172
1.242236,1609325206273
4.3659043,1609325206373
3.9583333,1609325206474
1.443299,1609325206575
1.0373445,1609325206676
1.2396694,1609325206776
1.242236,1609325206877
1.0330578,1609325206978
1.25,1609325207079
0.8298756,1609325207179
1.4492754,1609325207280
1.0330578,1609325207381
0.83160084,1609325207482
1.2396694,1609325207582
1.4492754,1609325207683
1.6528925,1609325207783
1.242236,1609325207884
1.039501,1609325207985
1.443299,1609325208086
1.6494846,1609325208186
1.2448133,1609325208287
0.8298756,1609325208388
1.2474012,1609325208488
1.0351967,1609325208589
1.242236,1609325208691
1.2295082,1609325208792
1.6460905,1609325208893
1.6427106,1609325208995
1.2269938,1609325209097
2.6530612,1609325209198
1.6393442,1609325209299
1.2345679,1609325209401
1.4285715,1609325209503
1.8404908,1609325209604
1.0288066,1609325209706
1.2371134,1609325209807
2.0491803,1609325209909
4.7325106,1609325210011
2.4539876,1609325210112
1.0288066,1609325210214
3.9094648,1609325210315
6.995885,1609325210417
1.6427106,1609325210519
2.4640658,1609325210620
6.790123,1609325210721
3.4979424,1609325210823
1.4314928,1609325210924
1.6460905,1609325211026
0.8213553,1609325211127
2.0449898,1609325211229
1.2320329,1609325211330
3.4764826,1609325211432
4.752066,1609325211533
2.8747435,1609325211635
1.0245901,1609325211737
1.632653,1609325211838
4.907975,1609325211940
5.9793816,1609325212041
1.6393442,1609325212143
2.6584868,1609325212245
6.004141,1609325212346
6.5979385,1609325212448
3.0800822,1609325212549
2.0366597,1609325212651
1.4373717,1609325212752
1.2345679,1609325212854
1.4403292,1609325212955
1.6528925,1609325213057
4.2857146,1609325213158
2.2727273,1609325213260
2.4590163,1609325213361
4.9382715,1609325213463
4.0899796,1609325213565
2.857143,1609325213666
5.327869,1609325213768
1.6393442,1609325213869
1.8518518,1609325213971
1.4373717,1609325214072
1.632653,1609325214174
1.4373717,1609325214275
3.7113402,1609325214377
6.5708423,1609325214478
5.1652894,1609325214580
2.4742267,1609325214681
3.4979424,1609325214782
3.292181,1609325214884
1.6460905,1609325214985
1.6393442,1609325215087
1.8556701,1609325215189
2.857143,1609325215290
1.2345679,1609325215392
1.2295082,1609325215493
1.6359918,1609325215595
0.8247423,1609325215697
1.4344262,1609325215798
1.4344262,1609325215899
2.0491803,1609325216001
1.629328,1609325216103
1.0309278,1609325216204
1.4344262,1609325216306
1.2320329,1609325216408
1.026694,1609325216510
2.2357724,1609325216611
1.2345679,1609325216713
1.026694,1609325216814
1.0288066,1609325216916
1.6427106,1609325217017
1.0288066,1609325217119
0.8247423,1609325217220
1.2371134,1609325217322
1.6393442,1609325217424
1.0245901,1609325217525
1.4373717,1609325217627
1.0288066,1609325217728
1.4403292,1609325217830
1.4373717,1609325217931
1.0309278,1609325218032
0.82815737,1609325218134
0.8213553,1609325218236
1.2345679,1609325218337
1.2320329,1609325218439
1.4344262,1609325218541
2.0449898,1609325218642
0.6185567,1609325218744
1.4314928,1609325218845
6.3786006,1609325218947
4.132231,1609325219049
2.258727,1609325219150
1.4314928,1609325219252
1.4373717,1609325219354
1.6393442,1609325219455
1.0288066,1609325219557
4.9281316,1609325219659
5.9548254,1609325219760
3.0991735,1609325219862
1.6393442,1609325219963
1.8404908,1609325220065
1.2295082,1609325220166
2.2494888,1609325220268
1.8367347,1609325220369
3.0737705,1609325220471
4.329897,1609325220573
2.4489796,1609325220674
1.6393442,1609325220776
5.1229506,1609325220877
4.338843,1609325220979
4.0816326,1609325221081
1.0309278,1609325221182
4.5548654,1609325221284
3.5051546,1609325221385
1.2320329,1609325221487
5.555556,1609325221588
2.6639345,1609325221690
1.4314928,1609325221791
1.2371134,1609325221893
1.6427106,1609325221994
5.714286,1609325222096
4.123711,1609325222198
6.134969,1609325222299
6.584362,1609325222401
4.5360827,1609325222502
1.8480493,1609325222604
1.2320329,1609325222706
1.0288066,1609325222807
0.6185567,1609325222909
1.4344262,1609325223011
1.4373717,1609325223112
3.5123966,1609325223213
1.4403292,1609325223315
1.026694,1609325223417
3.4907598,1609325223518
4.7131147,1609325223620
1.632653,1609325223721
1.0288066,1609325223823
1.4314928,1609325223925
2.0491803,1609325224026
1.0288066,1609325224128
1.026694,1609325224230
1.6393442,1609325224331
1.6393442,1609325224433
1.2295082,1609325224534
1.8367347,1609325224636
1.4344262,1609325224737
2.0408163,1609325224839
1.4373717,1609325224941
2.240326,1609325225042
1.0245901,1609325225144
1.2320329,1609325225246
2.2448978,1609325225347
1.026694,1609325225449
1.632653,1609325225551
1.6359918,1609325225652
1.0288066,1609325225754
1.2295082,1609325225855
1.4522822,1609325225957
0.8247423,1609325226058
1.026694,1609325226160
1.2345679,1609325226261
1.2295082,1609325226363
1.6359918,1609325226464
0.6198347,1609325226566
1.6427106,1609325226668
1.0288066,1609325226769
0.6185567,1609325226871
1.6427106,1609325226972
1.4314928,1609325227074
1.2345679,1609325227176
0.82304525,1609325227277
1.6427106,1609325227379
0.8247423,1609325227480
3.8934424,1609325227582
3.3126295,1609325227683
1.629328,1609325227785
1.4373717,1609325227887
1.4373717,1609325227988
1.6393442,1609325228090
3.8854804,1609325228192
2.0366597,1609325228293
1.4314928,1609325228395
3.0674846,1609325228497
4.106776,1609325228598
6.5979385,1609325228699
4.7227926,1609325228801
6.790123,1609325228902
5.338809,1609325229004
3.9337475,1609325229106
1.2295082,1609325229207
4.123711,1609325229309
4.329897,1609325229410
1.2345679,1609325229512
2.8688524,1609325229613
5.13347,1609325229715
6.1728396,1609325229817
4.7325106,1609325229918
2.2494888,1609325230020
0.6185567,1609325230121
1.4373717,1609325230223
1.4314928,1609325230324
3.0991735,1609325230425
6.185567,1609325230527
0.41322312,1609325230629
2.8688524,1609325230730
4.7131147,1609325230832
3.2719836,1609325230934
1.0245901,1609325231035
4.958678,1609325231137
3.292181,1609325231239
1.8442624,1609325231340
5.3497944,1609325231442
2.886598,1609325231544
1.4344262,1609325231645
1.0288066,1609325231747
2.6748972,1609325231848
4.7227926,1609325231950
4.123711,1609325232051
2.4489796,1609325232153
1.4373717,1609325232255
1.632653,1609325232356
2.0366597,1609325232458
1.8556701,1609325232559
6.9815197,1609325232661
4.106776,1609325232763
1.4373717,1609325232864
2.8747435,1609325232966
1.4314928,1609325233067
1.8442624,1609325233169
3.9175258,1609325233271
4.4897957,1609325233372
1.2320329,1609325233474
1.2295082,1609325233575
1.6359918,1609325233677
1.0309278,1609325233779
1.6359918,1609325233880
1.026694,1609325233982
1.8404908,1609325234083
1.8404908,1609325234185
1.2320329,1609325234286
1.8442624,1609325234388
0.6198347,1609325234489
1.0288066,1609325234591
1.4344262,1609325234692
1.8442624,1609325234794
1.0288066,1609325234896
1.0245901,1609325234998
1.6359918,1609325235099
1.026694,1609325235201
1.8367347,1609325235303
2.240326,1609325235404
1.2345679,1609325235506
1.2295082,1609325235607
1.2320329,1609325235709
1.6393442,1609325235810
1.8442624,1609325235912
1.0309278,1609325236013
1.2345679,1609325236115
1.0309278,1609325236217
1.026694,1609325236318
1.8404908,1609325236420
0.8247423,1609325236522
1.026694,1609325236623
1.8404908,1609325236725
1.8442624,1609325236827
1.4285715,1609325236928
1.632653,1609325237030
1.8367347,1609325237132
1.4314928,1609325237233
1.4344262,1609325237335
2.2494888,1609325237437
1.6359918,1609325237539
3.6809816,1609325237640
1.026694,1609325237742
1.6359918,1609325237843
2.0618556,1609325237945
4.106776,1609325238047
3.5051546,1609325238148
0.8213553,1609325238250
1.4314928,1609325238352
4.338843,1609325238453
6.3786006,1609325238555
5.967078,1609325238657
1.6359918,1609325238758
3.7113402,1609325238860
3.9014373,1609325238962
5.3608246,1609325239063
4.303279,1609325239165
1.2295082,1609325239266
5.7377048,1609325239368
3.4907598,1609325239469
1.0288066,1609325239571
1.6359918,1609325239672
0.82644624,1609325239774
1.2345679,1609325239876
1.0245901,1609325239977
4.106776,1609325240079
3.7113402,1609325240180
2.8806584,1609325240282
0.8247423,1609325240384
4.4897957,1609325240485
1.0309278,1609325240587
3.292181,1609325240689
1.8367347,1609325240791
5.967078,1609325240892
3.6960986,1609325240994
3.4836066,1609325241096
1.4314928,1609325241197
1.0288066,1609325241299
3.2854211,1609325241400
5.7377048,1609325241502
2.8688524,1609325241603
1.0245901,1609325241705
1.2345679,1609325241807
1.2295082,1609325241908
1.2345679,1609325242009
1.8518518,1609325242111
2.886598,1609325242212
4.752066,1609325242314
3.4907598,1609325242415
0.6198347,1609325242517
1.6494846,1609325242619
1.2295082,1609325242720
1.0309278,1609325242822
1.4344262,1609325242923
1.2320329,1609325243025
1.2345679,1609325243127
1.6359918,1609325243228
1.026694,1609325243330
1.2371134,1609325243432
2.0408163,1609325243533
1.4314928,1609325243635
1.026694,1609325243737
2.0408163,1609325243838
0.6185567,1609325243940
1.4373717,1609325244041
2.240326,1609325244143
1.4373717,1609325244244
0.82304525,1609325244346
1.6427106,1609325244447
1.2320329,1609325244549
1.629328,1609325244651
2.2494888,1609325244752
1.0309278,1609325244854
2.0366597,1609325244956
1.2269938,1609325245057
1.4373717,1609325245159
1.2269938,1609325245260
1.0309278,1609325245362
1.8367347,1609325245464
2.0408163,1609325245565
1.8329939,1609325245667
1.0330578,1609325245768
1.8404908,1609325245870
1.2269938,1609325245972
4.5081964,1609325246073
4.742268,1609325246175
4.5081964,1609325246276
2.6915114,1609325246378
0.82304525,1609325246479
1.2320329,1609325246581
2.8806584,1609325246682
6.5979385,1609325246784
6.185567,1609325246886
4.7325106,1609325246987
1.6460905,1609325247089
1.2295082,1609325247191
1.632653,1609325247292
0.82304525,1609325247394
0.82644624,1609325247495
1.2320329,1609325247597
1.0330578,1609325247699
5.9548254,1609325247800
2.4640658,1609325247902
1.6393442,1609325248003
5.761317,1609325248105
6.4049587,1609325248206
1.6427106,1609325248308
1.0288066,1609325248410
1.632653,1609325248511
5.327869,1609325248613
3.5051546,1609325248715
1.8404908,1609325248816
4.0983605,1609325248918
1.4344262,1609325249019
4.7227926,1609325249121
3.4836066,1609325249222
1.2295082,1609325249324
2.0408163,1609325249425
1.6427106,1609325249527
1.8404908,1609325249629
1.4285715,1609325249730
4.3209877,1609325249832
6.748466,1609325249933
1.6359918,1609325250035
1.6427106,1609325250136
1.4403292,1609325250238
2.6748972,1609325250340
1.026694,1609325250441
5.13347,1609325250543
5.749487,1609325250645
5.13347,1609325250746
6.790123,1609325250848
1.4344262,1609325250949
2.8806584,1609325251050
4.0983605,1609325251152
1.2320329,1609325251254
1.2345679,1609325251355
1.0309278,1609325251457
1.8367347,1609325251558
1.0309278,1609325251660
1.026694,1609325251762
2.0449898,1609325251863
1.2269938,1609325251965
0.82304525,1609325252066
1.8442624,1609325252168
0.8213553,1609325252270
1.0330578,1609325252371
0.8213553,1609325252473
1.026694,1609325252575
1.0309278,1609325252676
1.4344262,1609325252778
1.8480493,1609325252879
1.2295082,1609325252981
1.6359918,1609325253083
1.4314928,1609325253184
1.2345679,1609325253286
0.8247423,1609325253388
1.6359918,1609325253489
1.4373717,1609325253591
1.2371134,1609325253692
1.4314928,1609325253794
1.2320329,1609325253895
1.0330578,1609325253997
1.4314928,1609325254098
2.443992,1609325254200
1.2320329,1609325254302
3.0864198,1609325254403
1.2320329,1609325254505
1.0309278,1609325254606
1.2320329,1609325254708
1.2345679,1609325254809
2.6694045,1609325254910
5.555556,1609325255012
0.41237116,1609325255113
3.7037036,1609325255215
3.4907598,1609325255316
3.292181,1609325255417
1.0245901,1609325255519
2.2727273,1609325255620
4.517454,1609325255721
3.9337475,1609325255822
5.3719006,1609325255923
3.9337475,1609325256025
0.8196721,1609325256126
2.4640658,1609325256228
3.6885247,1609325256330
0.8196721,1609325256431
0.40983605,1609325256533
0.6147541,1609325256635
0.40983605,1609325256737
0.41152263,1609325256838
0.61728394,1609325256939
3.0800822,1609325257041
0.8247423,1609325257142
3.4764826,1609325257244
0.61728394,1609325257346
3.0800822,1609325257447
3.5051546,1609325257549
4.7131147,1609325257650
3.7113402,1609325257752
4.5267487,1609325257853
0.8213553,1609325257955
3.7037036,1609325258057
0.8196721,1609325258158
2.8806584,1609325258260
1.6427106,1609325258361
0.20576131,1609325258463
3.4836066,1609325258565
0.20491803,1609325258666
1.0224949,1609325258768
0.20618558,1609325258869
0.40983605,1609325258971
1.2345679,1609325259073
5.1652894,1609325259174
4.338843,1609325259275
0.41067764,1609325259377
3.2854211,1609325259478
3.7113402,1609325259580
0.41067764,1609325259681
3.4979424,1609325259783
4.303279,1609325259884
4.5360827,1609325259986
4.7131147,1609325260087
5.578512,1609325260189
4.3209877,1609325260290
0.41067764,1609325260392
0.40983605,1609325260494
0.8196721,1609325260595
0.61601645,1609325260697
0.6147541,1609325260798
0.61601645,1609325260900
0.40983605,1609325261001
0.6147541,1609325261103
0.20576131,1609325261205
0.6147541,1609325261306
0.41152263,1609325261408
0.41067764,1609325261509
0.41152263,1609325261611
0.6134969,1609325261712
0.8196721,1609325261814
0.6147541,1609325261916
0.8213553,1609325262017
0.20576131,1609325262119
0.6147541,1609325262220
0.41067764,1609325262322
0.41152263,1609325262424
0.6147541,1609325262525
0.20491803,1609325262627
0.8213553,1609325262728
0.40983605,1609325262830
0.20661156,1609325262931
0.8196721,1609325263033
0.40983605,1609325263135
0.61728394,1609325263236
0.20491803,1609325263338
1.0245901,1609325263440
0.20491803,1609325263541
0.20533882,1609325263643
0.8196721,1609325263744
0.20576131,1609325263846
1.0245901,1609325263947
0.61601645,1609325264049
0.20618558,1609325264150
0.61728394,1609325264252
0.6134969,1609325264354
1.026694,1609325264456
4.312115,1609325264557
3.2854211,1609325264659
1.0224949,1609325264761
3.9175258,1609325264862
4.1152263,1609325264964
3.8854804,1609325265065
3.5196688,1609325265167
0.6147541,1609325265268
0.40983605,1609325265370
0.6147541,1609325265472
0.40983605,1609325265574
0.61601645,1609325265675
1.026694,1609325265777
3.7037036,1609325265878
0.20576131,1609325265979
0.8196721,1609325266081
0.20618558,1609325266182
0.61601645,1609325266284
0.41152263,1609325266386
0.6147541,1609325266487
1.2295082,1609325266589
1.2320329,1609325266690
4.5360827,1609325266792
1.6460905,1609325266893
0.61728394,1609325266995
2.0576131,1609325267096
1.443299,1609325267197
1.0288066,1609325267299
2.2540982,1609325267400
2.0618556,1609325267502
0.6147541,1609325267604
0.40983605,1609325267705
0.41067764,1609325267807
0.41067764,1609325267909
0.6147541,1609325268011
0.8179959,1609325268112
0.40899795,1609325268214
3.9094648,1609325268316
2.053388,1609325268417
0.20533882,1609325268519
1.0224949,1609325268620
2.2727273,1609325268722
4.106776,1609325268823
5.967078,1609325268925
5.3497944,1609325269027
2.2680414,1609325269128
0.20576131,1609325269230
3.0737705,1609325269331
0.61728394,1609325269433
4.123711,1609325269534
4.7227926,1609325269636
4.9180326,1609325269738
0.41152263,1609325269839
0.20576131,1609325269941
0.41067764,1609325270042
0.8213553,1609325270144
0.41067764,1609325270246
0.6147541,1609325270347
0.8196721,1609325270449
0.40983605,1609325270551
0.41067764,1609325270652
0.41237116,1609325270754
0.40899795,1609325270855
0.41067764,1609325270957
1.0224949,1609325271059
0.40983605,1609325271160
0.61601645,1609325271262
0.41152263,1609325271364
0.8196721,1609325271465
0.20576131,1609325271567
0.40983605,1609325271668
0.8179959,1609325271770
0.20576131,1609325271872
0.8213553,1609325271973
0.20576131,1609325272075
0.8179959,1609325272176
0.40983605,1609325272278
0.41152263,1609325272380
0.61601645,1609325272481
0.6147541,1609325272583
0.41237116,1609325272684
0.6134969,1609325272786
0.8213553,1609325272887
0.41152263,1609325272989
0.40983605,1609325273091
0.40983605,1609325273192
0.20533882,1609325273294
1.6427106,1609325273395
0.61728394,1609325273497
0.8213553,1609325273598
2.8806584,1609325273700
4.752066,1609325273801
1.4314928,1609325273903
0.41067764,1609325274005
0.20576131,1609325274106
5.338809,1609325274208
4.517454,1609325274310
0.6147541,1609325274411
0.61601645,1609325274513
1.8480493,1609325274614
4.329897,1609325274716
1.026694,1609325274817
0.6185567,1609325274918
3.5051546,1609325275020
2.4590163,1609325275121
0.61601645,1609325275223
0.40983605,1609325275325
0.61601645,1609325275426
0.41067764,1609325275528
0.61601645,1609325275629
2.2633743,1609325275731
4.9484534,1609325275832
2.0618556,1609325275934
0.6134969,1609325276036
3.0737705,1609325276137
3.9175258,1609325276239
